1735735043.929798 0.001706 0.000277 0.001345 -0.000282 0.000234 0.000038 1.000000
1735735044.029632 0.000599 -0.002291 -0.000580 -0.001317 0.000315 0.000105 0.999999
1735735044.129481 0.001642 -0.001803 0.000092 -0.000947 0.000145 -0.000026 1.000000
1735735044.229337 0.001285 0.000461 0.001867 -0.001159 0.000356 -0.000000 0.999999
1735735044.329982 0.001766 0.000445 0.001605 -0.000913 0.000343 -0.000039 1.000000
1735735044.429836 0.001626 0.000551 0.001478 -0.000922 0.000286 -0.000085 1.000000
1735735044.529658 0.001740 0.000670 0.001633 -0.000870 0.000124 -0.000046 1.000000
1735735044.629494 0.002017 0.000782 0.001830 -0.000986 0.000279 -0.000050 0.999999
1735735044.729327 0.001948 0.000483 0.001795 -0.000829 0.000419 -0.000042 1.000000
1735735044.829969 0.001183 0.000508 0.001075 -0.000812 0.000218 -0.000093 1.000000
1735735044.929806 0.001535 0.000331 0.001677 -0.000815 0.000306 -0.000054 1.000000
1735735045.029641 0.001377 0.000202 0.001817 -0.000855 0.000328 -0.000048 1.000000
1735735045.129484 0.001743 0.000491 0.001624 -0.000897 0.000360 -0.000074 1.000000
1735735045.229335 0.001716 0.000689 0.001631 -0.000880 0.000277 -0.000070 1.000000
1735735045.329957 0.001611 0.000474 0.001743 -0.000830 0.000240 -0.000057 1.000000
1735735045.429800 0.001223 0.000369 0.001437 -0.000824 0.000327 -0.000023 1.000000
1735735045.529644 0.001631 0.000693 0.001452 -0.000825 0.000302 -0.000080 1.000000
1735735045.629483 0.001864 0.000843 0.001327 -0.000893 0.000295 -0.000084 1.000000
1735735045.729326 0.001459 0.000531 0.001415 -0.000906 0.000283 -0.000098 1.000000
1735735045.829953 0.001702 0.000615 0.001656 -0.000721 0.000269 -0.000080 1.000000
1735735045.929784 0.001854 0.000734 0.001535 -0.000899 0.000319 -0.000071 1.000000
1735735046.029631 0.001571 0.000536 0.001300 -0.000955 0.000245 -0.000111 1.000000
1735735046.129471 0.001484 0.000522 0.001380 -0.000856 0.000336 -0.000075 1.000000
1735735046.229316 0.001230 0.000549 0.001444 -0.000869 0.000365 -0.000066 1.000000
1735735046.329963 0.001279 0.000179 0.001389 -0.000799 0.000322 -0.000047 1.000000
1735735046.429806 0.001292 0.000246 0.001516 -0.000782 0.000237 -0.000076 1.000000
1735735046.529659 0.001983 0.000407 0.001832 -0.000841 0.000250 -0.000102 1.000000
1735735046.629510 0.001754 0.000501 0.001621 -0.000878 0.000363 -0.000098 1.000000
1735735046.729351 0.001562 0.000636 0.001547 -0.000728 0.000296 -0.000122 1.000000
1735735046.829988 0.001545 0.000463 0.001790 -0.000691 0.000322 -0.000064 1.000000
1735735046.929829 0.001340 0.000182 0.001406 -0.000807 0.000265 -0.000063 1.000000
1735735047.029682 0.001658 0.000616 0.001679 -0.000855 0.000260 -0.000106 1.000000
1735735047.129531 0.001767 0.000716 0.001675 -0.000904 0.000326 -0.000072 1.000000
1735735047.229389 0.001904 0.000609 0.001836 -0.000840 0.000281 -0.000101 1.000000
1735735047.329623 0.001921 0.000568 0.002102 -0.000892 0.000302 -0.000099 1.000000
1735735047.429465 0.001791 0.000549 0.002072 -0.000911 0.000306 -0.000050 1.000000
1735735047.529308 0.001549 0.000754 0.001946 -0.000830 0.000329 -0.000065 1.000000
1735735047.629946 0.001818 0.000739 0.001976 -0.000807 0.000350 -0.000064 1.000000
1735735047.729786 0.001308 0.000472 0.001989 -0.000873 0.000260 -0.000011 1.000000
1735735047.829627 0.001667 0.000471 0.001909 -0.000843 0.000314 -0.000075 1.000000
1735735047.929482 0.001727 0.000410 0.001954 -0.000988 0.000260 -0.000075 0.999999
1735735048.029323 0.001646 0.000468 0.002143 -0.000860 0.000331 -0.000086 1.000000
1735735048.129961 0.001672 0.000427 0.001882 -0.000805 0.000315 -0.000070 1.000000
1735735048.229817 0.001678 0.000506 0.001840 -0.000727 0.000424 -0.000008 1.000000
1735735048.329678 0.001578 0.000485 0.001629 -0.000881 0.000304 -0.000077 1.000000
1735735048.429516 0.001419 0.000493 0.001938 -0.000967 0.000348 -0.000066 0.999999
1735735048.529364 0.001697 0.000443 0.002073 -0.001009 0.000454 -0.000075 0.999999
1735735048.629998 0.001551 0.000783 0.002114 -0.001046 0.000413 -0.000100 0.999999
1735735048.729843 0.001524 0.000838 0.002440 -0.000940 0.000393 -0.000081 0.999999
1735735048.829676 0.001976 0.000552 0.001649 -0.000973 0.000305 -0.000048 0.999999
1735735048.929501 0.002237 0.000431 0.001691 -0.000966 0.000387 -0.000032 0.999999
1735735049.029355 0.002028 0.000823 0.002219 -0.001023 0.000411 -0.000102 0.999999
1735735049.129613 0.001791 0.000991 0.002257 -0.001055 0.000298 -0.000107 0.999999
1735735049.229463 0.001968 0.000399 0.001874 -0.000972 0.000358 -0.000023 0.999999
1735735049.329302 0.001731 0.000813 0.002007 -0.001054 0.000501 -0.000065 0.999999
1735735049.429950 0.001458 0.000751 0.002464 -0.001048 0.000465 -0.000091 0.999999
1735735049.529784 0.001343 0.000739 0.002185 -0.001018 0.000429 -0.000055 0.999999
1735735049.629623 0.001492 0.000764 0.001697 -0.000947 0.000379 -0.000087 0.999999
1735735049.729472 0.001682 0.000538 0.001752 -0.000912 0.000389 -0.000118 1.000000
1735735049.829303 0.002020 0.000108 0.001572 -0.000999 0.000399 -0.000104 0.999999
1735735049.929936 0.001541 0.000909 0.001908 -0.000994 0.000295 -0.000076 0.999999
1735735050.029776 0.001720 0.000619 0.001536 -0.001015 0.000053 -0.000119 0.999999
1735735050.129620 0.001683 0.000559 0.001477 -0.001087 0.000310 -0.000050 0.999999
1735735050.229460 0.001701 0.000555 0.001987 -0.001008 0.000226 -0.000022 0.999999
1735735050.329312 0.001710 -0.000036 0.002584 -0.001027 0.000328 -0.000111 0.999999
1735735050.429949 0.002184 0.001074 0.002321 -0.001164 0.001123 -0.000032 0.999999
1735735050.529806 0.001987 0.000284 0.001759 -0.001334 0.000068 -0.000111 0.999999
1735735050.629654 0.000060 0.000941 0.001037 -0.001222 0.000164 -0.000137 0.999999
1735735050.729486 -0.002191 -0.001670 0.003368 0.000085 0.000746 0.004293 0.999991
1735735050.829324 -0.002536 -0.008238 0.006710 0.010027 -0.000583 0.005293 0.999936
1735735050.929942 -0.000311 -0.015696 0.016024 0.017608 0.009811 0.006166 0.999778
1735735051.029784 0.002027 -0.028170 0.030485 0.018759 0.019282 0.003912 0.999630
1735735051.129621 -0.000122 -0.046011 0.050841 0.020223 0.019237 0.002256 0.999608
1735735051.229475 -0.002404 -0.067320 0.080638 0.021005 0.016809 -0.003499 0.999632
1735735051.329311 -0.000251 -0.092726 0.117549 0.020580 0.013614 -0.014445 0.999591
1735735051.429948 0.004154 -0.121856 0.152972 0.020996 0.013944 -0.022629 0.999426
1735735051.529774 0.009061 -0.154367 0.185746 0.020971 0.008625 -0.031588 0.999244
1735735051.629613 0.010485 -0.196781 0.225177 0.017091 0.005529 -0.041440 0.998980
1735735051.729456 0.015506 -0.237087 0.256608 0.016130 0.008111 -0.051729 0.998498
1735735051.829308 0.024232 -0.285157 0.280734 0.015376 0.013720 -0.060508 0.997955
1735735051.929947 0.032727 -0.333778 0.300476 0.020919 0.021501 -0.067573 0.997263
1735735052.029783 0.040811 -0.386421 0.320739 0.028712 0.032871 -0.073604 0.996332
1735735052.129622 0.045559 -0.444432 0.330193 0.035813 0.040448 -0.075215 0.995703
1735735052.229460 0.050933 -0.495921 0.339274 0.037708 0.046360 -0.073491 0.995504
1735735052.329299 0.059046 -0.540349 0.347006 0.040232 0.053172 -0.068793 0.995400
1735735052.429954 0.067530 -0.580458 0.354111 0.041126 0.062450 -0.070274 0.994721
1735735052.529804 0.075269 -0.616754 0.361322 0.041746 0.068326 -0.075795 0.993903
1735735052.629647 0.086444 -0.645121 0.374351 0.038679 0.071481 -0.082892 0.993239
1735735052.729482 0.100280 -0.673132 0.383509 0.038650 0.073111 -0.088563 0.992632
1735735052.829334 0.120089 -0.694669 0.392371 0.034223 0.072304 -0.089868 0.992736
1735735052.929980 0.144599 -0.709124 0.399601 0.028014 0.069741 -0.089060 0.993187
1735735053.029838 0.174183 -0.723333 0.405203 0.024372 0.070754 -0.086333 0.993452
1735735053.129673 0.207721 -0.726445 0.407306 0.016810 0.072680 -0.081777 0.993855
1735735053.229525 0.236267 -0.737393 0.405388 0.015325 0.072436 -0.069736 0.994814
1735735053.329371 0.261516 -0.747811 0.406214 0.018294 0.070026 -0.064679 0.995278
1735735053.429609 0.276801 -0.768271 0.404770 0.023636 0.066628 -0.057505 0.995839
1735735053.529447 0.289244 -0.794060 0.408742 0.028437 0.066078 -0.054633 0.995912
1735735053.629282 0.301873 -0.819603 0.414464 0.031928 0.066084 -0.053588 0.995862
1735735053.729914 0.313521 -0.850871 0.417241 0.033297 0.069945 -0.044820 0.995987
1735735053.829763 0.324409 -0.877231 0.417227 0.030983 0.071267 -0.036303 0.996315
1735735053.929593 0.331478 -0.908287 0.416719 0.026999 0.076909 -0.024289 0.996376
1735735054.029437 0.340586 -0.934195 0.417454 0.024440 0.080729 -0.013398 0.996346
1735735054.129661 0.348776 -0.961863 0.426205 0.025089 0.083262 -0.003163 0.996207
1735735054.229489 0.355344 -0.979637 0.430937 0.019457 0.083247 0.002314 0.996336
1735735054.329326 0.365784 -1.007529 0.441561 0.015191 0.084494 0.005381 0.996294
1735735054.429957 0.374309 -1.031904 0.444285 0.014595 0.081655 0.005421 0.996539
1735735054.529804 0.385647 -1.052374 0.445053 0.014585 0.078979 0.005481 0.996755
1735735054.629647 0.401514 -1.072783 0.443902 0.011626 0.079029 0.004006 0.996796
1735735054.729483 0.420182 -1.094561 0.437598 0.008315 0.077961 0.001744 0.996920
1735735054.829326 0.446578 -1.107972 0.433874 0.008163 0.078130 0.000413 0.996910
1735735054.929975 0.478187 -1.127194 0.430728 0.009452 0.081799 -0.000049 0.996604
1735735055.029812 0.510245 -1.142779 0.427515 0.010745 0.084969 -0.002611 0.996322
1735735055.129648 0.539598 -1.157068 0.422134 0.011919 0.086767 -0.008199 0.996124
1735735055.229492 0.569281 -1.168724 0.413088 0.013154 0.094120 -0.009870 0.995425
1735735055.329340 0.597077 -1.184172 0.406327 0.017693 0.099041 -0.012079 0.994853
1735735055.429968 0.621387 -1.200843 0.401273 0.022140 0.098009 -0.012736 0.994858
1735735055.529823 0.645659 -1.225232 0.398339 0.026027 0.096998 -0.008869 0.994905
1735735055.629659 0.670453 -1.257651 0.398986 0.025846 0.093864 -0.000035 0.995250
1735735055.729508 0.695757 -1.290205 0.397242 0.021042 0.089154 0.009757 0.995748
1735735055.829348 0.724416 -1.320568 0.406161 0.017373 0.091102 0.021912 0.995449
1735735055.929977 0.751343 -1.356959 0.412198 0.014285 0.094072 0.035193 0.994841
1735735056.029816 0.774044 -1.389485 0.412716 0.011315 0.096591 0.045069 0.994239
1735735056.129670 0.794768 -1.428954 0.418142 0.007981 0.096626 0.052323 0.993912
1735735056.229513 0.811279 -1.463314 0.418952 0.004453 0.096872 0.057823 0.993606
1735735056.329359 0.825632 -1.486292 0.421780 0.004121 0.097903 0.059267 0.993421
1735735056.429992 0.839247 -1.510841 0.418296 0.007460 0.100176 0.056793 0.993320
1735735056.529837 0.852021 -1.530036 0.412529 0.009727 0.101156 0.053654 0.993375
1735735056.629680 0.862918 -1.549989 0.410494 0.012870 0.102412 0.052152 0.993291
1735735056.729520 0.877583 -1.564336 0.403022 0.013066 0.102690 0.050905 0.993324
1735735056.829363 0.895727 -1.574124 0.399299 0.010046 0.103961 0.051677 0.993187
1735735056.929623 0.914686 -1.580962 0.395230 0.008319 0.104671 0.054795 0.992961
1735735057.029471 0.938253 -1.578696 0.397174 0.010578 0.106604 0.056433 0.992643
1735735057.129297 0.959535 -1.575835 0.393978 0.013151 0.103074 0.054067 0.993116
1735735057.229940 0.976938 -1.585412 0.397134 0.013296 0.101720 0.052641 0.993330
1735735057.329781 0.988736 -1.590536 0.394529 0.015532 0.099946 0.050805 0.993574
1735735057.429611 0.998276 -1.598501 0.395138 0.018214 0.100690 0.048380 0.993574
1735735057.529441 1.005949 -1.614541 0.394290 0.018048 0.100847 0.048445 0.993558
1735735057.629301 1.012914 -1.629759 0.391257 0.015924 0.100973 0.053571 0.993318
1735735057.729913 1.018036 -1.647264 0.394376 0.014357 0.102425 0.058631 0.992908
1735735057.829761 1.019667 -1.672500 0.396900 0.012676 0.100586 0.065117 0.992714
1735735057.929589 1.021595 -1.698435 0.399001 0.010282 0.102406 0.067878 0.992371
1735735058.029428 1.023992 -1.729335 0.395953 0.009294 0.101597 0.072011 0.992172
1735735058.129651 1.026988 -1.757077 0.395436 0.009012 0.101968 0.074110 0.991982
1735735058.229495 1.029418 -1.771032 0.392208 0.006418 0.101034 0.075281 0.992010
1735735058.329334 1.031539 -1.786028 0.396889 0.005875 0.101027 0.075499 0.991997
1735735058.429987 1.033554 -1.805920 0.398384 0.007954 0.100512 0.076540 0.991956
1735735058.529843 1.034715 -1.822969 0.401444 0.007958 0.100755 0.077532 0.991854
1735735058.629677 1.034791 -1.840400 0.403464 0.008515 0.101224 0.080893 0.991533
1735735058.729519 1.034597 -1.859223 0.405340 0.010675 0.098987 0.084532 0.991434
1735735058.829359 1.033102 -1.881819 0.408238 0.013055 0.097641 0.088751 0.991171
1735735058.929601 1.036256 -1.895761 0.408624 0.014249 0.097771 0.091463 0.990895
1735735059.029435 1.038921 -1.912827 0.408198 0.016019 0.098486 0.094548 0.990507
1735735059.129673 1.046998 -1.928826 0.404813 0.015839 0.098675 0.096929 0.990261
1735735059.229514 1.058221 -1.937084 0.406957 0.015948 0.101149 0.097800 0.989924
1735735059.329347 1.072309 -1.947301 0.407872 0.015382 0.100379 0.098623 0.989930
1735735059.429984 1.085222 -1.959733 0.407190 0.014158 0.099017 0.098440 0.990103
1735735059.529832 1.102826 -1.975366 0.409055 0.015845 0.096046 0.097419 0.990471
1735735059.629666 1.122320 -1.992398 0.407102 0.016689 0.095480 0.096914 0.990562
1735735059.729498 1.144778 -1.998254 0.403099 0.017629 0.092061 0.093941 0.991155
1735735059.829353 1.170428 -2.009743 0.404052 0.017802 0.087980 0.093991 0.991518
1735735059.929600 1.197314 -2.018191 0.406988 0.012381 0.087723 0.091425 0.991863
1735735060.029446 1.218327 -2.032104 0.403126 0.011809 0.084903 0.088019 0.992424
1735735060.129282 1.237668 -2.047991 0.403563 0.013623 0.084144 0.083060 0.992892
1735735060.229939 1.257598 -2.062724 0.403198 0.014809 0.085967 0.081168 0.992876
1735735060.329778 1.278255 -2.089260 0.405806 0.015894 0.087388 0.082549 0.992621
1735735060.429626 1.297760 -2.110752 0.406968 0.015497 0.087324 0.088529 0.992117
1735735060.529456 1.315774 -2.137038 0.409656 0.013858 0.084334 0.099895 0.991321
1735735060.629292 1.330968 -2.156336 0.412118 0.008399 0.082146 0.113308 0.990123
1735735060.729933 1.349881 -2.179212 0.417668 0.004154 0.083334 0.124635 0.988688
1735735060.829787 1.368791 -2.204591 0.417636 0.005396 0.085656 0.134375 0.987207
1735735060.929629 1.386383 -2.229043 0.414780 0.004437 0.087006 0.140911 0.986182
1735735061.029461 1.402165 -2.252000 0.415528 0.001288 0.089561 0.146178 0.985195
1735735061.129299 1.416963 -2.282943 0.418798 0.000148 0.091430 0.149047 0.984594
1735735061.229959 1.431570 -2.313134 0.418974 0.000557 0.092887 0.149849 0.984336
1735735061.329808 1.447785 -2.341985 0.422007 -0.000144 0.095088 0.148704 0.984299
1735735061.429652 1.464607 -2.367065 0.423698 0.001306 0.093576 0.148318 0.984502
1735735061.529498 1.482793 -2.384652 0.421789 0.001831 0.095034 0.147313 0.984512
1735735061.629332 1.500785 -2.392617 0.423028 0.001278 0.097645 0.146369 0.984398
1735735061.729966 1.519316 -2.403343 0.420512 0.001883 0.098107 0.147793 0.984139
1735735061.829792 1.538351 -2.404099 0.419427 0.002096 0.097901 0.147323 0.984229
1735735061.929633 1.562679 -2.410132 0.417184 0.001026 0.100585 0.146878 0.984027
1735735062.029479 1.590595 -2.415150 0.417291 -0.000716 0.102370 0.147491 0.983751
1735735062.129322 1.615765 -2.421639 0.415071 -0.004093 0.104726 0.146459 0.983649
1735735062.229965 1.638958 -2.424538 0.410032 -0.008800 0.110399 0.143445 0.983442
1735735062.329806 1.659930 -2.430982 0.411076 -0.012827 0.115637 0.142735 0.982899
1735735062.429658 1.677100 -2.436972 0.407927 -0.014157 0.117857 0.140125 0.982992
1735735062.529505 1.692837 -2.443808 0.405564 -0.012527 0.121789 0.140885 0.982427
1735735062.629340 1.706813 -2.449643 0.401572 -0.011360 0.122441 0.140005 0.982486
1735735062.729975 1.723518 -2.466918 0.401302 -0.007892 0.123246 0.143280 0.981947
1735735062.829817 1.740376 -2.479420 0.402112 -0.005900 0.122438 0.147509 0.981435
1735735062.929651 1.758034 -2.498721 0.404534 -0.007089 0.122462 0.155597 0.980175
1735735063.029488 1.775951 -2.524004 0.407647 -0.008471 0.124257 0.166396 0.978162
1735735063.129332 1.798109 -2.551037 0.404593 -0.010924 0.127448 0.176307 0.975988
1735735063.229965 1.820799 -2.576953 0.403517 -0.013487 0.131944 0.184688 0.973807
1735735063.329800 1.842222 -2.602700 0.405480 -0.014182 0.134118 0.193092 0.971868
1735735063.429609 1.866219 -2.634022 0.406063 -0.014536 0.135892 0.198409 0.970544
1735735063.529448 1.885102 -2.658104 0.405716 -0.014508 0.135740 0.202692 0.969680
1735735063.629293 1.902539 -2.678334 0.407256 -0.015890 0.136048 0.205892 0.968941
1735735063.729927 1.917778 -2.698050 0.407185 -0.021165 0.138659 0.210158 0.967553
1735735063.829762 1.931590 -2.716193 0.407502 -0.025387 0.140244 0.213167 0.966564
1735735063.929618 1.941080 -2.731915 0.408165 -0.027126 0.140624 0.217067 0.965594
1735735064.029470 1.948973 -2.744906 0.410177 -0.024342 0.137539 0.218892 0.965700
1735735064.129301 1.956705 -2.755076 0.411874 -0.022253 0.137320 0.218547 0.965860
1735735064.229953 1.970023 -2.768779 0.412525 -0.020701 0.137868 0.217518 0.966049
1735735064.329809 1.983484 -2.778164 0.410322 -0.018062 0.138394 0.216400 0.966277
1735735064.429659 1.998346 -2.781790 0.410532 -0.017129 0.136582 0.217508 0.966303
1735735064.529496 2.012478 -2.784867 0.409866 -0.017031 0.133226 0.218029 0.966656
1735735064.629347 2.027582 -2.785504 0.410365 -0.019117 0.132401 0.220546 0.966159
1735735064.729992 2.044215 -2.783669 0.409495 -0.018739 0.131671 0.220753 0.966219
1735735064.829836 2.058417 -2.782252 0.407987 -0.017687 0.129260 0.223426 0.965950
1735735064.929681 2.071508 -2.784866 0.410223 -0.021678 0.125768 0.222081 0.966640
1735735065.029513 2.081156 -2.790764 0.409751 -0.018915 0.118755 0.221349 0.967752
1735735065.129356 2.088052 -2.797696 0.409016 -0.015848 0.116040 0.221581 0.968083
1735735065.229996 2.097129 -2.806973 0.413166 -0.014545 0.113198 0.224143 0.967850
1735735065.329836 2.100803 -2.816223 0.412256 -0.010175 0.105362 0.230814 0.967223
1735735065.429689 2.107018 -2.834813 0.413111 -0.006904 0.100212 0.241462 0.965197
1735735065.529514 2.113597 -2.849579 0.414881 -0.006281 0.100459 0.254450 0.961833
1735735065.629339 2.123894 -2.864305 0.416205 -0.009621 0.103573 0.268110 0.957756
1735735065.729983 2.129396 -2.882612 0.419198 -0.011604 0.100382 0.278772 0.955026
1735735065.829815 2.133702 -2.898201 0.419583 -0.012189 0.099735 0.289712 0.951825
1735735065.929643 2.139119 -2.914936 0.418760 -0.012822 0.099651 0.297715 0.949353
1735735066.029480 2.148407 -2.936787 0.419266 -0.014588 0.099859 0.303466 0.947483
1735735066.129309 2.151495 -2.955066 0.416163 -0.013930 0.099230 0.307183 0.946360
1735735066.229949 2.155718 -2.975444 0.414503 -0.013123 0.099551 0.309666 0.945529
1735735066.329775 2.161503 -2.996286 0.417772 -0.011991 0.098495 0.310923 0.945242
1735735066.429621 2.166071 -3.017899 0.419843 -0.012787 0.098527 0.312450 0.944724
1735735066.529465 2.168383 -3.034482 0.422082 -0.011385 0.097165 0.314039 0.944356
1735735066.629309 2.171794 -3.047819 0.423294 -0.010436 0.096493 0.314316 0.944344
1735735066.729954 2.174553 -3.059234 0.425463 -0.010469 0.095075 0.313795 0.944661
1735735066.829787 2.173178 -3.060321 0.429654 -0.008887 0.093813 0.310059 0.946036
1735735066.929631 2.174715 -3.055490 0.434667 -0.008994 0.091551 0.304597 0.948028
1735735067.029476 2.177848 -3.053805 0.436544 -0.008426 0.091751 0.297908 0.950138
1735735067.129325 2.178164 -3.044861 0.435647 -0.006440 0.094504 0.295485 0.950640
1735735067.229966 2.180654 -3.041763 0.435520 -0.005877 0.095731 0.291295 0.951813
1735735067.329797 2.182468 -3.042210 0.435441 -0.006252 0.095286 0.288147 0.952813
1735735067.429627 2.185897 -3.040935 0.433823 -0.006496 0.096073 0.284487 0.953832
1735735067.529467 2.190521 -3.043669 0.430726 -0.007848 0.097574 0.282429 0.954281
1735735067.629309 2.190556 -3.043248 0.429006 -0.007519 0.098584 0.280819 0.954655
1735735067.729948 2.189363 -3.036827 0.426701 -0.008204 0.098118 0.280267 0.954859
1735735067.829799 2.194024 -3.038325 0.428674 -0.009141 0.098444 0.279701 0.954983
1735735067.929627 2.195534 -3.034652 0.427292 -0.009466 0.098770 0.278979 0.955157
1735735068.029481 2.194911 -3.030873 0.425736 -0.009708 0.096864 0.278277 0.955555
1735735068.129316 2.195767 -3.030556 0.423409 -0.008172 0.097576 0.278760 0.955356
1735735068.229962 2.196980 -3.033048 0.421900 -0.005332 0.099388 0.282120 0.954202
1735735068.329818 2.201151 -3.034384 0.423808 -0.005031 0.100040 0.284719 0.953363
1735735068.429666 2.207618 -3.039947 0.427540 -0.007757 0.099962 0.289615 0.951877
1735735068.529499 2.215641 -3.049952 0.430380 -0.011551 0.101855 0.296151 0.949624
1735735068.629334 2.223939 -3.059927 0.428383 -0.015508 0.102053 0.301996 0.947704
1735735068.729967 2.233076 -3.078876 0.426356 -0.017291 0.103902 0.308433 0.945396
1735735068.829803 2.240671 -3.093964 0.421058 -0.019490 0.103914 0.314183 0.943457
1735735068.929631 2.250547 -3.111890 0.424208 -0.019153 0.103139 0.319378 0.941803
1735735069.029482 2.255360 -3.123628 0.426914 -0.020380 0.101608 0.323410 0.940567
1735735069.129319 2.261040 -3.133897 0.426687 -0.020683 0.100236 0.326345 0.939693
1735735069.229963 2.268827 -3.146309 0.427295 -0.021408 0.100881 0.328707 0.938785
1735735069.329796 2.276868 -3.160437 0.428596 -0.021931 0.100948 0.330963 0.937972
1735735069.429629 2.282105 -3.169996 0.430431 -0.022805 0.099894 0.332487 0.937525
1735735069.529466 2.290759 -3.180840 0.428828 -0.023321 0.099744 0.333734 0.937085
1735735069.629290 2.299320 -3.193935 0.427096 -0.022757 0.099947 0.335674 0.936384
1735735069.729919 2.302514 -3.201022 0.428694 -0.022811 0.099574 0.338120 0.935542
1735735069.829762 2.310851 -3.213745 0.430658 -0.021758 0.099959 0.340976 0.934489
1735735069.929598 2.323062 -3.229925 0.432557 -0.020280 0.099338 0.343228 0.933764
1735735070.029437 2.331714 -3.247489 0.433066 -0.020950 0.097995 0.346325 0.932747
1735735070.129669 2.339517 -3.260544 0.429747 -0.024222 0.098012 0.349769 0.931380
1735735070.229519 2.342316 -3.266952 0.431680 -0.028947 0.099597 0.352492 0.930049
1735735070.329360 2.347046 -3.270152 0.429145 -0.030502 0.099973 0.355761 0.928714
1735735070.429991 2.356406 -3.272364 0.426885 -0.028254 0.099379 0.357579 0.928150
1735735070.529825 2.366205 -3.269440 0.428128 -0.026303 0.099804 0.358103 0.927960
1735735070.629678 2.379637 -3.264256 0.427409 -0.024089 0.100770 0.359790 0.927263
1735735070.729530 2.396588 -3.259635 0.424228 -0.021632 0.100539 0.360197 0.927191
1735735070.829373 2.418424 -3.253435 0.423875 -0.019148 0.097722 0.358832 0.928075
1735735070.929614 2.436784 -3.239199 0.424345 -0.017674 0.095894 0.357346 0.928868
1735735071.029462 2.451930 -3.231672 0.427912 -0.016478 0.091366 0.350914 0.931794
1735735071.129300 2.468112 -3.226912 0.429585 -0.015743 0.089426 0.347632 0.933224
1735735071.229928 2.482389 -3.223102 0.426715 -0.015396 0.092091 0.344818 0.934014
1735735071.329759 2.497729 -3.219110 0.427312 -0.013676 0.091108 0.342792 0.934883
1735735071.429596 2.515943 -3.223243 0.430105 -0.011680 0.090231 0.344856 0.934236
1735735071.529435 2.533433 -3.224911 0.430757 -0.012013 0.086439 0.348312 0.933307
1735735071.629669 2.554957 -3.230265 0.431896 -0.014784 0.083738 0.354533 0.931169
1735735071.729500 2.581320 -3.243536 0.434289 -0.017855 0.080337 0.365933 0.926995
1735735071.829364 2.602149 -3.252795 0.437330 -0.020500 0.077412 0.376030 0.923141
1735735071.929611 2.630157 -3.273530 0.438336 -0.021817 0.079978 0.384422 0.919428
1735735072.029458 2.654071 -3.293944 0.439456 -0.023531 0.080669 0.391946 0.916142
1735735072.129305 2.677455 -3.314077 0.440584 -0.022993 0.085892 0.396624 0.913665
1735735072.229943 2.694417 -3.331858 0.443719 -0.022704 0.086612 0.399998 0.912132
1735735072.329773 2.710270 -3.350382 0.447740 -0.024420 0.087356 0.401357 0.911419
1735735072.429622 2.727584 -3.368618 0.446608 -0.027012 0.086694 0.405150 0.909730
1735735072.529472 2.743263 -3.385244 0.446252 -0.031317 0.086307 0.408743 0.908019
1735735072.629306 2.758210 -3.397847 0.443930 -0.032249 0.086070 0.413675 0.905773
1735735072.729953 2.770541 -3.409605 0.441283 -0.029976 0.087010 0.417142 0.904170
1735735072.829789 2.779345 -3.419571 0.442194 -0.028135 0.086810 0.419456 0.903177
1735735072.929627 2.784822 -3.423232 0.443988 -0.025488 0.084982 0.420585 0.902905
1735735073.029472 2.788957 -3.429255 0.445061 -0.022392 0.084103 0.420614 0.903056
1735735073.129296 2.791591 -3.433240 0.443130 -0.018555 0.081914 0.421641 0.902865
1735735073.229945 2.794251 -3.436546 0.439318 -0.013378 0.078716 0.423008 0.902601
1735735073.329788 2.797564 -3.444906 0.440046 -0.011643 0.076870 0.423801 0.902412
1735735073.429629 2.800582 -3.454207 0.436352 -0.012017 0.075860 0.425525 0.901681
1735735073.529469 2.808108 -3.466754 0.438297 -0.012531 0.074751 0.428274 0.900465
1735735073.629314 2.811148 -3.479650 0.439602 -0.013943 0.076516 0.431286 0.898857
1735735073.729956 2.816035 -3.492847 0.443240 -0.018755 0.079889 0.434337 0.897004
1735735073.829801 2.820652 -3.507816 0.445464 -0.020352 0.079678 0.439588 0.894427
1735735073.929634 2.826783 -3.520151 0.447401 -0.022285 0.081583 0.442798 0.892624
1735735074.029480 2.828182 -3.528769 0.449514 -0.025207 0.082620 0.447641 0.890032
1735735074.129313 2.830470 -3.537415 0.451267 -0.024075 0.080594 0.451416 0.888340
1735735074.229963 2.833597 -3.546003 0.453331 -0.021628 0.081844 0.454057 0.886942
1735735074.329810 2.839249 -3.552117 0.455289 -0.019908 0.084570 0.458711 0.884328
1735735074.429670 2.845747 -3.558057 0.458278 -0.017938 0.084988 0.461809 0.882716
1735735074.529523 2.855596 -3.564686 0.460649 -0.016651 0.085419 0.467168 0.879875
1735735074.629362 2.864297 -3.571488 0.459239 -0.017389 0.083997 0.472641 0.877070
1735735074.729611 2.880398 -3.582243 0.457738 -0.019972 0.081337 0.478813 0.873913
1735735074.829459 2.898967 -3.593055 0.459177 -0.023250 0.082104 0.483921 0.870942
1735735074.929317 2.920178 -3.605261 0.458181 -0.026814 0.083140 0.487046 0.868996
1735735075.029947 2.934227 -3.616118 0.455135 -0.031047 0.082506 0.491354 0.866487
1735735075.129798 2.952594 -3.627866 0.457890 -0.035793 0.081133 0.493431 0.865252
1735735075.229641 2.968742 -3.639279 0.456490 -0.038061 0.081907 0.495571 0.863859
1735735075.329486 2.985481 -3.653322 0.458265 -0.036623 0.081789 0.497939 0.862570
1735735075.429331 2.993087 -3.662318 0.457258 -0.037198 0.081356 0.499205 0.861854
1735735075.529985 3.004227 -3.672496 0.455882 -0.037399 0.081312 0.500603 0.861038
1735735075.629823 3.012440 -3.680928 0.454915 -0.035972 0.081182 0.501754 0.860441
1735735075.729657 3.020550 -3.690801 0.457125 -0.037524 0.079606 0.503048 0.859766
1735735075.829490 3.028860 -3.700782 0.457606 -0.035599 0.079032 0.504718 0.858922
1735735075.929324 3.037727 -3.708917 0.458046 -0.034231 0.078869 0.506554 0.857911
1735735076.029966 3.048840 -3.719890 0.459729 -0.032983 0.077967 0.508658 0.856797
1735735076.129811 3.055782 -3.725170 0.460076 -0.032199 0.078602 0.510386 0.855740
1735735076.229646 3.064743 -3.730767 0.460771 -0.031357 0.080551 0.511778 0.854758
1735735076.329489 3.071105 -3.735423 0.459952 -0.031592 0.082184 0.512922 0.853908
1735735076.429326 3.082186 -3.738940 0.457823 -0.032944 0.083009 0.514517 0.852817
1735735076.529966 3.092393 -3.743194 0.455729 -0.033276 0.082680 0.515820 0.852049
1735735076.629782 3.102661 -3.747704 0.453544 -0.032071 0.082402 0.516038 0.851990
1735735076.729611 3.112371 -3.749720 0.451573 -0.031900 0.082845 0.515897 0.852038
1735735076.829452 3.119879 -3.751742 0.452112 -0.032307 0.082609 0.515520 0.852274
1735735076.929304 3.123972 -3.751388 0.452271 -0.032080 0.082791 0.515220 0.852446
1735735077.029945 3.128145 -3.751432 0.452329 -0.030066 0.083380 0.514839 0.852693
1735735077.129786 3.133336 -3.753946 0.451379 -0.029959 0.084349 0.514341 0.852902
1735735077.229624 3.136760 -3.752054 0.451986 -0.029319 0.084690 0.514138 0.853012
1735735077.329468 3.134051 -3.750167 0.452958 -0.028950 0.083316 0.513958 0.853269
1735735077.429313 3.137326 -3.753410 0.452058 -0.028700 0.081864 0.514670 0.852988
1735735077.529944 3.136627 -3.752571 0.452631 -0.029361 0.081859 0.514839 0.852865
1735735077.629799 3.138415 -3.751447 0.453052 -0.029339 0.082184 0.515690 0.852320
1735735077.729642 3.141025 -3.751573 0.450862 -0.029335 0.082217 0.516416 0.851877
1735735077.829480 3.143160 -3.750593 0.450282 -0.031067 0.082851 0.516740 0.851558
1735735077.929314 3.143617 -3.748552 0.448420 -0.030919 0.082918 0.517193 0.851281
1735735078.029960 3.144271 -3.749546 0.447264 -0.029779 0.083513 0.517581 0.851028
1735735078.129800 3.146106 -3.747405 0.447193 -0.029903 0.084355 0.517598 0.850930
1735735078.229642 3.146982 -3.745449 0.447510 -0.030030 0.084957 0.517356 0.851013
1735735078.329485 3.150656 -3.744952 0.446981 -0.030845 0.084919 0.513664 0.853221
1735735078.429329 3.156139 -3.742843 0.447768 -0.031034 0.088140 0.508915 0.855730
1735735078.529961 3.159880 -3.740700 0.447363 -0.032955 0.092289 0.502508 0.859001
1735735078.629798 3.163183 -3.737709 0.444369 -0.034269 0.094959 0.496147 0.862350
1735735078.729625 3.173930 -3.740692 0.441685 -0.033836 0.098366 0.489746 0.865637
1735735078.829472 3.178628 -3.737259 0.436415 -0.032693 0.102125 0.483360 0.868829
1735735078.929310 3.183518 -3.733176 0.435281 -0.033788 0.105882 0.478861 0.870827
1735735079.029947 3.186212 -3.726780 0.432303 -0.038316 0.108398 0.473199 0.873421
1735735079.129775 3.189626 -3.717531 0.432379 -0.042118 0.110252 0.468316 0.875643
1735735079.229608 3.196673 -3.714822 0.430941 -0.043904 0.112427 0.463047 0.878078
1735735079.329432 3.201077 -3.708804 0.429995 -0.045182 0.113984 0.458174 0.880365
1735735079.429671 3.201572 -3.697582 0.430875 -0.043964 0.115346 0.453349 0.882744
1735735079.529509 3.203532 -3.692629 0.429319 -0.043302 0.114297 0.448455 0.885409
1735735079.629336 3.204376 -3.689373 0.428573 -0.042806 0.113077 0.443933 0.887865
1735735079.729963 3.202195 -3.678508 0.428169 -0.044476 0.112600 0.438121 0.890726
1735735079.829806 3.200513 -3.673256 0.427184 -0.045646 0.113104 0.433040 0.893084
1735735079.929649 3.195682 -3.670338 0.425845 -0.046386 0.111886 0.427142 0.896035
1735735080.029478 3.189685 -3.665366 0.427766 -0.044533 0.109551 0.421673 0.899004
1735735080.129316 3.184356 -3.663519 0.426232 -0.045403 0.109520 0.415994 0.901606
1735735080.229967 3.187854 -3.666709 0.422916 -0.047774 0.110439 0.408898 0.904612
1735735080.329805 3.187427 -3.668646 0.423421 -0.049115 0.110964 0.403977 0.906685
1735735080.429640 3.184564 -3.664720 0.419748 -0.048876 0.110614 0.399500 0.908722
1735735080.529470 3.183462 -3.661955 0.415330 -0.048665 0.111853 0.396441 0.909920
1735735080.629309 3.184940 -3.658549 0.415851 -0.049126 0.114093 0.395234 0.910142
1735735080.729943 3.185468 -3.656767 0.413592 -0.047824 0.115384 0.394829 0.910225
1735735080.829786 3.189802 -3.658526 0.413652 -0.047257 0.115952 0.396021 0.909664
1735735080.929624 3.195695 -3.658645 0.414290 -0.047788 0.117694 0.399554 0.907866
1735735081.029469 3.200600 -3.658763 0.410077 -0.049104 0.117682 0.402493 0.906498
1735735081.129309 3.206363 -3.660329 0.407287 -0.050933 0.118335 0.406422 0.904557
1735735081.229959 3.210897 -3.661275 0.408099 -0.051330 0.119043 0.409904 0.902869
1735735081.329797 3.215231 -3.662537 0.411231 -0.049610 0.117569 0.413972 0.901301
1735735081.429641 3.223590 -3.667663 0.412747 -0.047071 0.116415 0.417330 0.900038
1735735081.529484 3.236749 -3.674595 0.415794 -0.044685 0.114751 0.421154 0.898591
1735735081.629314 3.247750 -3.677942 0.420089 -0.043774 0.111890 0.425924 0.896746
1735735081.729946 3.261833 -3.679120 0.420197 -0.042854 0.110238 0.430986 0.894574
1735735081.829775 3.279001 -3.684664 0.419491 -0.042765 0.109239 0.436830 0.891862
1735735081.929608 3.292236 -3.685295 0.417873 -0.043796 0.107226 0.443202 0.888908
1735735082.029459 3.307470 -3.685438 0.423968 -0.045219 0.104602 0.448468 0.886505
1735735082.129304 3.321478 -3.686036 0.424557 -0.046116 0.101874 0.453497 0.884214
1735735082.229944 3.331876 -3.681329 0.429021 -0.046677 0.099658 0.458025 0.882101
1735735082.329776 3.345998 -3.681102 0.432086 -0.046757 0.099528 0.461742 0.880172
1735735082.429627 3.354816 -3.682804 0.427197 -0.045518 0.100537 0.463702 0.879091
1735735082.529475 3.363895 -3.685839 0.425812 -0.045602 0.101708 0.464826 0.878358
1735735082.629318 3.375276 -3.688050 0.426380 -0.045083 0.104286 0.465110 0.877932
1735735082.729956 3.387186 -3.691811 0.421874 -0.043256 0.105818 0.464975 0.877912
1735735082.829782 3.400822 -3.695812 0.421777 -0.042175 0.108570 0.466229 0.876963
1735735082.929610 3.412107 -3.698684 0.419466 -0.042650 0.110385 0.467793 0.875880
1735735083.029447 3.425827 -3.701904 0.420646 -0.043310 0.110832 0.471183 0.873972
1735735083.129295 3.440745 -3.705709 0.420695 -0.041366 0.110401 0.476456 0.871258
1735735083.229928 3.456009 -3.709154 0.420859 -0.039242 0.107164 0.482737 0.868298
1735735083.329779 3.459780 -3.708374 0.425929 -0.037063 0.102087 0.490309 0.864755
1735735083.429616 3.467326 -3.711876 0.429640 -0.032153 0.096973 0.497144 0.861632
1735735083.529449 3.468845 -3.714752 0.432855 -0.028792 0.089122 0.502663 0.859394
1735735083.629289 3.465423 -3.715351 0.435356 -0.023214 0.082339 0.506438 0.858022
1735735083.729928 3.467096 -3.719697 0.441341 -0.016489 0.074691 0.507934 0.857993
1735735083.829767 3.468417 -3.725364 0.438516 -0.009405 0.067660 0.509046 0.858025
1735735083.929598 3.473551 -3.730954 0.444807 -0.005058 0.060711 0.510734 0.857578
1735735084.029432 3.477181 -3.736885 0.449479 0.000213 0.053672 0.512860 0.856793
1735735084.129655 3.474797 -3.735443 0.457800 0.005108 0.046692 0.514612 0.856136
1735735084.229494 3.477298 -3.734267 0.464417 0.007542 0.041926 0.516427 0.855271
1735735084.329338 3.471992 -3.729631 0.470091 0.009282 0.039623 0.518323 0.854216
1735735084.429976 3.464484 -3.727150 0.469133 0.011441 0.037579 0.520273 0.853096
1735735084.529837 3.459272 -3.723818 0.473543 0.011769 0.033634 0.522262 0.852040
1735735084.629688 3.461011 -3.720897 0.472363 0.010972 0.031058 0.524959 0.850490
1735735084.729530 3.462247 -3.717127 0.474919 0.007979 0.032880 0.526501 0.849501
1735735084.829377 3.462722 -3.714325 0.474741 0.006978 0.035180 0.527271 0.848940
1735735084.929627 3.464946 -3.715704 0.474768 0.006443 0.035022 0.527369 0.848890
1735735085.029467 3.463916 -3.715428 0.474943 0.006586 0.033535 0.526682 0.849375
1735735085.129299 3.459656 -3.712853 0.474822 0.005625 0.033523 0.526083 0.849754
1735735085.229944 3.458638 -3.712667 0.474219 0.005189 0.033947 0.526248 0.849637
1735735085.329782 3.461395 -3.713751 0.473564 0.004781 0.034582 0.526144 0.849679
1735735085.429611 3.459779 -3.712614 0.473683 0.004360 0.035341 0.525644 0.849959
1735735085.529456 3.458241 -3.712548 0.472993 0.003661 0.035424 0.525058 0.850321
1735735085.629297 3.458039 -3.710079 0.474428 0.002665 0.036336 0.525326 0.850121
1735735085.729937 3.458183 -3.709295 0.473848 0.001713 0.036120 0.525343 0.850122
1735735085.829765 3.457883 -3.707583 0.475559 0.000593 0.036496 0.525513 0.850002
1735735085.929600 3.459094 -3.707369 0.475117 0.000435 0.037270 0.525760 0.849816
1735735086.029444 3.456717 -3.703654 0.473780 0.000025 0.037677 0.525377 0.850035
1735735086.129677 3.455709 -3.701610 0.472171 -0.001284 0.038708 0.525232 0.850077
1735735086.229529 3.458822 -3.702440 0.470033 -0.000469 0.039162 0.524696 0.850388
1735735086.329374 3.456234 -3.700120 0.470130 -0.000114 0.038820 0.524128 0.850755
1735735086.429617 3.455204 -3.699655 0.472060 0.000489 0.038350 0.523520 0.851150
1735735086.529452 3.456027 -3.699306 0.472968 0.001399 0.037962 0.522915 0.851538
1735735086.629667 3.458120 -3.702858 0.473149 0.001712 0.036711 0.522439 0.851884
1735735086.729512 3.461763 -3.704875 0.472830 0.002406 0.036610 0.522046 0.852128
1735735086.829352 3.461218 -3.704996 0.472264 0.001779 0.037164 0.521693 0.852321
1735735086.929984 3.462785 -3.705723 0.472258 0.002249 0.037168 0.521942 0.852168
1735735087.029840 3.462666 -3.707536 0.472635 0.002176 0.035901 0.522023 0.852173
1735735087.129676 3.457699 -3.704824 0.474005 0.001479 0.035024 0.522465 0.851940
1735735087.229517 3.457681 -3.704981 0.474480 0.001723 0.034278 0.523057 0.851606
1735735087.329355 3.456034 -3.706334 0.475575 0.001833 0.033926 0.523403 0.851408
1735735087.429993 3.454355 -3.705437 0.476374 0.001987 0.034463 0.523386 0.851396
1735735087.529835 3.454709 -3.706479 0.473456 0.002125 0.033600 0.523310 0.851477
1735735087.629678 3.455477 -3.707514 0.473016 0.002478 0.033251 0.523257 0.851522
1735735087.729517 3.455901 -3.708129 0.475894 0.002857 0.032054 0.523462 0.851441
1735735087.829345 3.454160 -3.707692 0.476999 0.003539 0.031910 0.524036 0.851091
1735735087.929966 3.454280 -3.706463 0.477134 0.003963 0.032045 0.525039 0.850465
1735735088.029802 3.453605 -3.706550 0.476984 0.003825 0.031412 0.525724 0.850066
1735735088.129644 3.452237 -3.706090 0.477775 0.003642 0.031358 0.526983 0.849289
1735735088.229487 3.454564 -3.706979 0.477920 0.003271 0.031807 0.527872 0.848722
1735735088.329320 3.455135 -3.707187 0.476890 0.003706 0.031977 0.528725 0.848183
1735735088.429952 3.452962 -3.705854 0.476666 0.003777 0.033395 0.529306 0.847765
1735735088.529783 3.451814 -3.707482 0.475213 0.004334 0.033458 0.529119 0.847876
1735735088.629632 3.452628 -3.709278 0.474298 0.004622 0.033002 0.529182 0.847854
1735735088.729480 3.452791 -3.711547 0.476480 0.004443 0.032540 0.528868 0.848068
1735735088.829327 3.450817 -3.710579 0.478282 0.003707 0.032277 0.527383 0.849006
1735735088.929971 3.454275 -3.712315 0.479046 0.001318 0.031828 0.523431 0.851472
1735735089.029809 3.458625 -3.714160 0.477066 0.000038 0.032846 0.518039 0.854726
1735735089.129646 3.460765 -3.712436 0.476613 -0.002358 0.034320 0.513633 0.857320
1735735089.229507 3.462815 -3.714487 0.478404 -0.003668 0.033204 0.510935 0.858970
1735735089.329348 3.463214 -3.717821 0.479569 -0.004150 0.030549 0.508358 0.860594
1735735089.429988 3.464333 -3.721680 0.482811 -0.003019 0.027544 0.506133 0.862010
1735735089.529839 3.463301 -3.724345 0.482230 -0.001795 0.023992 0.504066 0.863330
1735735089.629693 3.463929 -3.727000 0.483794 -0.000002 0.019832 0.501290 0.865052
1735735089.729531 3.463087 -3.728511 0.487326 0.002295 0.015449 0.498433 0.866787
1735735089.829365 3.457924 -3.731341 0.488789 0.006047 0.009910 0.495877 0.868315
1735735089.929610 3.451641 -3.730176 0.488065 0.008149 0.007313 0.492293 0.870361
1735735090.029448 3.448923 -3.731894 0.490652 0.009920 0.009475 0.487907 0.872788
1735735090.129280 3.442521 -3.730110 0.490517 0.009957 0.009974 0.485131 0.874328
1735735090.229931 3.441060 -3.730844 0.492062 0.012327 0.011250 0.484365 0.874707
1735735090.329774 3.440343 -3.733502 0.491753 0.014789 0.008971 0.484463 0.874641
1735735090.429612 3.439894 -3.734423 0.491258 0.017142 0.007601 0.485502 0.874034
1735735090.529434 3.437227 -3.737212 0.492238 0.018175 0.004279 0.487205 0.873088
1735735090.629660 3.436808 -3.736771 0.491675 0.018628 0.003028 0.488251 0.872499
1735735090.729493 3.433273 -3.735207 0.489466 0.018053 0.001797 0.489168 0.872001
1735735090.829334 3.432316 -3.737708 0.490973 0.018838 -0.000796 0.490000 0.871518
1735735090.929978 3.433597 -3.740582 0.493542 0.020752 -0.002153 0.490760 0.871045
1735735091.029799 3.435447 -3.741689 0.496877 0.022704 -0.003922 0.490856 0.870936
1735735091.129649 3.438342 -3.743176 0.499067 0.024265 -0.004872 0.491552 0.870497
1735735091.229507 3.439014 -3.745827 0.500132 0.025953 -0.006900 0.491522 0.870451
1735735091.329359 3.435531 -3.746600 0.499387 0.027185 -0.009691 0.491481 0.870410
1735735091.429991 3.431824 -3.746104 0.496975 0.028587 -0.011859 0.491454 0.870353
1735735091.529835 3.431359 -3.748694 0.497537 0.029033 -0.013355 0.492328 0.869823
1735735091.629679 3.430328 -3.749318 0.501436 0.029799 -0.014696 0.492917 0.869442
1735735091.729513 3.431054 -3.748509 0.501862 0.030855 -0.016177 0.493501 0.869047
1735735091.829343 3.429962 -3.747783 0.504529 0.031650 -0.018153 0.494397 0.868470
1735735091.929989 3.427658 -3.746022 0.506798 0.031807 -0.019114 0.494843 0.868190
1735735092.029833 3.427409 -3.745097 0.505268 0.031301 -0.018784 0.495134 0.868049
1735735092.129667 3.428902 -3.745854 0.503832 0.031589 -0.018479 0.495404 0.867891
1735735092.229509 3.428042 -3.745454 0.503340 0.030669 -0.018548 0.495476 0.867882
1735735092.329344 3.429831 -3.744489 0.503563 0.029605 -0.018021 0.496166 0.867535
1735735092.429983 3.431265 -3.743577 0.502293 0.030153 -0.016986 0.496853 0.867145
1735735092.529822 3.433290 -3.742264 0.499217 0.029730 -0.014616 0.498604 0.866197
1735735092.629640 3.433228 -3.738458 0.496843 0.026705 -0.009183 0.500834 0.865082
1735735092.729480 3.435777 -3.732298 0.493724 0.023300 -0.001576 0.503549 0.863651
1735735092.829314 3.441323 -3.729501 0.493254 0.019521 0.005309 0.506170 0.862197
1735735092.929956 3.442660 -3.725432 0.490254 0.015089 0.012165 0.509771 0.860092
1735735093.029796 3.445392 -3.720046 0.485215 0.011696 0.021056 0.512981 0.858062
1735735093.129631 3.449651 -3.713834 0.481262 0.008216 0.030554 0.515570 0.856263
1735735093.229496 3.455067 -3.709665 0.482862 0.005840 0.038968 0.518019 0.854461
1735735093.329325 3.457681 -3.707167 0.479390 0.004627 0.046270 0.519445 0.853238
1735735093.429965 3.463937 -3.703262 0.476299 0.002677 0.053443 0.520812 0.851993
1735735093.529798 3.464589 -3.699278 0.467663 0.001108 0.058668 0.519956 0.852175
1735735093.629643 3.465461 -3.691242 0.459112 -0.002368 0.063756 0.519985 0.851789
1735735093.729468 3.467567 -3.682341 0.453939 -0.007195 0.069390 0.517658 0.852739
1735735093.829305 3.467806 -3.670514 0.449599 -0.010749 0.072459 0.513336 0.855056
1735735093.929951 3.467220 -3.656337 0.449470 -0.015896 0.078394 0.509519 0.856733
1735735094.029791 3.466826 -3.646371 0.451490 -0.019580 0.081446 0.506354 0.858248
1735735094.129635 3.463713 -3.637206 0.451061 -0.018992 0.082589 0.503483 0.859839
1735735094.229489 3.461483 -3.628265 0.453299 -0.020561 0.083771 0.501072 0.861096
1735735094.329348 3.463192 -3.621451 0.454969 -0.023100 0.084155 0.499591 0.861855
1735735094.429963 3.460033 -3.614382 0.450867 -0.024538 0.084757 0.497749 0.862821
1735735094.529811 3.457429 -3.608902 0.446125 -0.024878 0.086427 0.494685 0.864406
1735735094.629652 3.453200 -3.603847 0.443938 -0.025803 0.086301 0.492317 0.865742
1735735094.729492 3.451096 -3.599658 0.444907 -0.027210 0.084991 0.489891 0.867204
1735735094.829334 3.448206 -3.596523 0.446196 -0.027490 0.084332 0.487598 0.868551
1735735094.929988 3.446445 -3.592574 0.447611 -0.028782 0.083910 0.486195 0.869336
1735735095.029838 3.444358 -3.589210 0.445202 -0.028979 0.083195 0.484938 0.870100
1735735095.129673 3.446194 -3.587491 0.444600 -0.029441 0.082514 0.484367 0.870467
1735735095.229508 3.444490 -3.579587 0.442525 -0.029387 0.082104 0.483709 0.870874
1735735095.329352 3.448142 -3.578578 0.441503 -0.029764 0.081461 0.483451 0.871065
1735735095.429986 3.447833 -3.575868 0.442793 -0.030524 0.081580 0.482911 0.871326
1735735095.529830 3.444927 -3.570236 0.443037 -0.031404 0.082556 0.481662 0.871895
1735735095.629668 3.447384 -3.568263 0.444232 -0.032860 0.084573 0.480865 0.872087
1735735095.729491 3.451649 -3.566151 0.444482 -0.034216 0.087648 0.478700 0.872923
1735735095.829341 3.459514 -3.561012 0.445250 -0.036584 0.092256 0.478152 0.872652
1735735095.929972 3.468168 -3.558266 0.440621 -0.038086 0.092954 0.475639 0.873886
1735735096.029811 3.479891 -3.555746 0.435848 -0.045086 0.095680 0.469610 0.876515
1735735096.129654 3.494956 -3.549784 0.436814 -0.047999 0.099026 0.462362 0.879836
1735735096.229493 3.521247 -3.552439 0.438379 -0.045263 0.099429 0.453242 0.884668
1735735096.329339 3.554525 -3.552900 0.433240 -0.040446 0.100863 0.446639 0.888090
1735735096.429974 3.587039 -3.545345 0.427984 -0.036121 0.100339 0.445140 0.889088
1735735096.529820 3.622759 -3.530610 0.424209 -0.037815 0.102703 0.451068 0.885754
1735735096.629659 3.658788 -3.511761 0.422678 -0.044948 0.101225 0.458512 0.881760
1735735096.729521 3.700289 -3.496022 0.422039 -0.042647 0.101879 0.462147 0.879899
1735735096.829362 3.740240 -3.481137 0.425942 -0.036855 0.102019 0.460820 0.880840
1735735096.929994 3.781929 -3.475844 0.426346 -0.035319 0.098385 0.457760 0.882909
1735735097.029844 3.820159 -3.469745 0.427617 -0.036799 0.093709 0.453573 0.885515
1735735097.129684 3.853298 -3.457640 0.431482 -0.036128 0.093093 0.451051 0.886894
1735735097.229534 3.882364 -3.444015 0.431834 -0.041002 0.093996 0.450705 0.886763
1735735097.329371 3.909008 -3.427435 0.431074 -0.043149 0.094882 0.446732 0.888575
1735735097.429606 3.932396 -3.408160 0.432495 -0.041617 0.095703 0.439214 0.892300
1735735097.529427 3.955990 -3.388123 0.426664 -0.038913 0.097693 0.430081 0.896645
1735735097.629658 3.975363 -3.359525 0.421839 -0.036279 0.094078 0.416645 0.903460
1735735097.729497 3.992426 -3.330264 0.425793 -0.027778 0.090400 0.400974 0.911195
1735735097.829327 4.002687 -3.300999 0.428529 -0.019601 0.087964 0.386232 0.917988
1735735097.929945 4.007393 -3.273070 0.427776 -0.011031 0.085144 0.372920 0.923883
1735735098.029779 4.011449 -3.244683 0.423742 -0.009732 0.081704 0.361232 0.928839
1735735098.129640 4.020657 -3.219116 0.418119 -0.010393 0.081348 0.351100 0.932739
1735735098.229490 4.031176 -3.195356 0.411612 -0.012084 0.081856 0.345306 0.934835
1735735098.329338 4.047286 -3.176556 0.410439 -0.013561 0.084696 0.341554 0.935940
1735735098.429974 4.065709 -3.158545 0.410053 -0.014389 0.087635 0.341328 0.935739
1735735098.529811 4.083308 -3.141174 0.413867 -0.011996 0.085913 0.343148 0.935267
1735735098.629657 4.109934 -3.129943 0.421651 -0.007601 0.078235 0.347358 0.934432
1735735098.729489 4.142079 -3.123933 0.429947 -0.006188 0.069648 0.355430 0.932084
1735735098.829325 4.167934 -3.115895 0.436286 -0.004459 0.061477 0.359097 0.931263
1735735098.929967 4.205015 -3.117795 0.440075 -0.003787 0.057059 0.364309 0.929521
1735735099.029793 4.236954 -3.118583 0.440110 -0.001600 0.052777 0.365364 0.929366
1735735099.129636 4.269642 -3.123779 0.447732 0.000526 0.047603 0.365955 0.929414
1735735099.229476 4.295891 -3.124869 0.450939 0.000259 0.042420 0.366051 0.929627
1735735099.329319 4.311331 -3.119344 0.451536 0.000744 0.038481 0.364842 0.930274
1735735099.429969 4.329803 -3.116005 0.449485 0.001267 0.034685 0.365200 0.930282
1735735099.529824 4.341431 -3.103387 0.449024 0.003434 0.033450 0.364270 0.930686
1735735099.629662 4.355273 -3.086308 0.450410 0.003996 0.032219 0.361824 0.931681
1735735099.729502 4.373394 -3.062703 0.452841 0.005120 0.029507 0.355698 0.934121
1735735099.829343 4.392171 -3.042821 0.455683 0.007785 0.028153 0.346349 0.937651
1735735099.929991 4.408237 -3.019452 0.456891 0.006537 0.030426 0.337571 0.940786
1735735100.029830 4.424982 -2.998139 0.457176 0.004307 0.033600 0.325567 0.944912
1735735100.129659 4.439982 -2.979651 0.451633 0.001960 0.035887 0.317289 0.947648
1735735100.229502 4.450209 -2.961123 0.451491 -0.001273 0.040839 0.308362 0.950391
1735735100.329344 4.459300 -2.943317 0.446830 -0.005310 0.042276 0.304068 0.951697
1735735100.429965 4.467695 -2.930272 0.441993 -0.009166 0.045319 0.300500 0.952660
1735735100.529806 4.476213 -2.920955 0.441849 -0.010694 0.048581 0.296531 0.953727
1735735100.629656 4.489721 -2.916341 0.440962 -0.013260 0.058079 0.286099 0.956346
1735735100.729501 4.508165 -2.913951 0.441887 -0.014303 0.071822 0.270593 0.959904
1735735100.829335 4.530863 -2.916315 0.440164 -0.014507 0.086182 0.256885 0.962482
1735735100.929993 4.550869 -2.919317 0.436770 -0.011691 0.093038 0.243652 0.965319
1735735101.029831 4.567455 -2.923124 0.433038 -0.007760 0.095979 0.232216 0.967886
1735735101.129678 4.583902 -2.928358 0.428035 -0.005485 0.097311 0.221528 0.970271
1735735101.229543 4.600124 -2.936115 0.416514 -0.006467 0.101222 0.210036 0.972418
1735735101.329376 4.618353 -2.943309 0.405848 -0.005904 0.107464 0.202901 0.973267
1735735101.429622 4.641221 -2.950654 0.401429 -0.005571 0.113546 0.197640 0.973660
1735735101.529481 4.660208 -2.956552 0.397488 -0.005099 0.119639 0.195242 0.973417
1735735101.629329 4.680209 -2.963078 0.389928 -0.004365 0.125819 0.194209 0.972848
1735735101.729962 4.700453 -2.966943 0.391422 -0.003730 0.130394 0.193006 0.972488
1735735101.829797 4.718442 -2.970681 0.385139 -0.003683 0.130884 0.193796 0.972265
1735735101.929629 4.737493 -2.975112 0.382623 -0.005516 0.130481 0.192429 0.972582
1735735102.029468 4.758414 -2.978508 0.378586 -0.004792 0.130096 0.191933 0.972735
1735735102.129297 4.778981 -2.979763 0.375542 -0.002917 0.130597 0.191983 0.972666
1735735102.229941 4.797722 -2.980345 0.372014 -0.000708 0.130678 0.188943 0.973254
1735735102.329765 4.815207 -2.977020 0.366156 -0.005092 0.134570 0.182361 0.973966
1735735102.429604 4.831541 -2.966088 0.362091 -0.007187 0.139421 0.176223 0.974400
1735735102.529443 4.852683 -2.957631 0.356597 -0.006846 0.142899 0.168530 0.975259
1735735102.629284 4.872429 -2.944525 0.355207 -0.006063 0.144134 0.157669 0.976898
1735735102.729932 4.889196 -2.922283 0.352665 -0.004673 0.143368 0.144664 0.979028
1735735102.829777 4.907886 -2.912707 0.354991 -0.006224 0.141683 0.131380 0.981135
1735735102.929630 4.924626 -2.897498 0.349243 -0.004675 0.145341 0.124454 0.981512
1735735103.029472 4.943146 -2.889197 0.349300 -0.008389 0.149083 0.119846 0.981499
1735735103.129306 4.962633 -2.884216 0.348574 -0.010797 0.153531 0.119633 0.980816
1735735103.229943 4.984814 -2.886012 0.343938 -0.011516 0.159336 0.122240 0.979559
1735735103.329788 5.006522 -2.884186 0.343059 -0.010421 0.164416 0.128618 0.977914
1735735103.429633 5.029759 -2.880769 0.337162 -0.009882 0.165332 0.136936 0.976635
1735735103.529479 5.055718 -2.889384 0.330296 -0.008925 0.166796 0.147518 0.974853
1735735103.629310 5.083238 -2.891366 0.327826 -0.011733 0.169420 0.158583 0.972631
1735735103.729936 5.113943 -2.898093 0.321724 -0.017150 0.169549 0.169445 0.970694
1735735103.829768 5.146694 -2.903049 0.327295 -0.019949 0.170010 0.180798 0.968509
1735735103.929610 5.180576 -2.916121 0.324102 -0.023584 0.170408 0.188822 0.966825
1735735104.029450 5.214427 -2.930666 0.319828 -0.025002 0.174044 0.196422 0.964625
1735735104.129302 5.249540 -2.948420 0.319981 -0.027190 0.175811 0.200195 0.963469
1735735104.229952 5.282830 -2.965207 0.321309 -0.031133 0.171691 0.203688 0.963361
1735735104.329796 5.311814 -2.978888 0.327843 -0.034351 0.170361 0.208704 0.962414
1735735104.429633 5.337168 -2.992060 0.334858 -0.034043 0.168219 0.214489 0.961529
1735735104.529471 5.361835 -3.003270 0.337288 -0.030938 0.165288 0.219016 0.961122
1735735104.629322 5.388395 -3.015939 0.335943 -0.029267 0.166269 0.222876 0.960117
1735735104.729971 5.417353 -3.026950 0.330805 -0.025959 0.164609 0.224709 0.960071
1735735104.829806 5.447349 -3.033689 0.330593 -0.024214 0.161949 0.227648 0.959876
1735735104.929644 5.480629 -3.035379 0.330963 -0.023351 0.155750 0.229895 0.960388
1735735105.029479 5.513908 -3.030832 0.335019 -0.029890 0.147407 0.235036 0.960279
1735735105.129325 5.547944 -3.025921 0.338831 -0.038220 0.148175 0.239718 0.958707
1735735105.229966 5.578285 -3.017062 0.336493 -0.048677 0.153773 0.242298 0.956701
1735735105.329797 5.607486 -3.011969 0.334705 -0.050460 0.156125 0.251851 0.953756
1735735105.429651 5.636790 -3.011570 0.335129 -0.050580 0.161559 0.260796 0.950435
1735735105.529489 5.660874 -3.003641 0.336040 -0.053158 0.161749 0.273529 0.946675
1735735105.629335 5.681061 -2.999872 0.333416 -0.053116 0.163846 0.288692 0.941802
1735735105.729972 5.704592 -3.004050 0.329796 -0.057029 0.169043 0.310144 0.933800
1735735105.829804 5.725847 -3.011690 0.328608 -0.063628 0.172974 0.338966 0.922569
1735735105.929640 5.735049 -3.012730 0.325206 -0.077479 0.171872 0.366799 0.910997
1735735106.029453 5.747963 -3.022549 0.325338 -0.083319 0.172736 0.400252 0.896113
1735735106.129674 5.766025 -3.042505 0.325024 -0.086468 0.173936 0.428566 0.882384
1735735106.229517 5.781397 -3.064824 0.313956 -0.091855 0.171243 0.451925 0.870633
1735735106.329361 5.797319 -3.084727 0.307541 -0.098531 0.172596 0.472585 0.858584
1735735106.429606 5.809813 -3.105099 0.299565 -0.102399 0.171216 0.491656 0.847629
1735735106.529444 5.817846 -3.122679 0.297463 -0.105541 0.173556 0.508898 0.836518
1735735106.629678 5.819929 -3.139314 0.298121 -0.105561 0.171585 0.528945 0.824399
1735735106.729517 5.817569 -3.157711 0.300516 -0.111156 0.168618 0.545523 0.813399
1735735106.829350 5.818923 -3.182313 0.301473 -0.111334 0.164117 0.563146 0.802208
1735735106.929974 5.816146 -3.210737 0.300558 -0.113546 0.159156 0.580464 0.790467
1735735107.029809 5.810505 -3.244024 0.301833 -0.112217 0.150990 0.595958 0.780668
1735735107.129647 5.802226 -3.277269 0.304313 -0.109452 0.150354 0.611728 0.768897
1735735107.229505 5.794717 -3.311343 0.310977 -0.104944 0.145952 0.623018 0.761270
1735735107.329339 5.795215 -3.341311 0.315549 -0.105777 0.148139 0.631035 0.754096
1735735107.429976 5.792920 -3.365351 0.329577 -0.105205 0.149137 0.637071 0.748886
1735735107.529817 5.797615 -3.390631 0.334031 -0.104928 0.145257 0.645670 0.742294
1735735107.629667 5.799303 -3.415642 0.340689 -0.103254 0.140994 0.656998 0.733357
1735735107.729515 5.807063 -3.438216 0.347268 -0.098975 0.134429 0.672566 0.720963
1735735107.829362 5.816426 -3.460027 0.349121 -0.097570 0.128983 0.688762 0.706718
1735735107.929997 5.824492 -3.486881 0.349187 -0.096996 0.120683 0.707209 0.689843
1735735108.029844 5.831271 -3.516814 0.352671 -0.097254 0.112058 0.725132 0.672434
1735735108.129668 5.847355 -3.547067 0.362754 -0.097940 0.104121 0.741819 0.655187
1735735108.229506 5.859029 -3.579032 0.366913 -0.095673 0.098321 0.756952 0.638908
1735735108.329335 5.869425 -3.606150 0.373354 -0.102370 0.096332 0.767767 0.625120
1735735108.429986 5.883904 -3.629147 0.371062 -0.105496 0.093404 0.777961 0.612310
1735735108.529824 5.898296 -3.648347 0.371193 -0.106946 0.089664 0.784497 0.604225
1735735108.629667 5.918371 -3.660005 0.377239 -0.105327 0.087474 0.787662 0.600702
1735735108.729524 5.926447 -3.673822 0.382055 -0.101483 0.087809 0.788382 0.600370
1735735108.829354 5.934233 -3.685529 0.385664 -0.095890 0.083182 0.786755 0.604071
1735735108.929982 5.936496 -3.700624 0.389220 -0.093428 0.082950 0.781993 0.610637
1735735109.029829 5.957363 -3.713956 0.387313 -0.090042 0.082826 0.777246 0.617188
1735735109.129675 5.962691 -3.733853 0.384227 -0.091471 0.087956 0.770398 0.624807
1735735109.229534 5.972545 -3.751587 0.374047 -0.092893 0.089432 0.762941 0.633477
1735735109.329362 5.980222 -3.762906 0.368279 -0.099767 0.097106 0.757401 0.637935
1735735109.429613 5.987519 -3.768217 0.366830 -0.105186 0.101373 0.754194 0.640196
1735735109.529451 5.994161 -3.774214 0.368107 -0.105202 0.106569 0.753803 0.639810
1735735109.629306 6.006401 -3.778726 0.373246 -0.102784 0.106331 0.753279 0.640858
1735735109.729955 6.018441 -3.780249 0.374730 -0.097855 0.104917 0.758769 0.635364
1735735109.829804 6.033296 -3.782129 0.378014 -0.095179 0.100273 0.763433 0.630917
1735735109.929639 6.050127 -3.784575 0.377489 -0.095083 0.097201 0.766599 0.627565
1735735110.029488 6.066223 -3.783644 0.377552 -0.093903 0.098433 0.768026 0.625803
1735735110.129321 6.078878 -3.787063 0.373591 -0.093769 0.101756 0.764962 0.629036
1735735110.229965 6.092566 -3.789161 0.373722 -0.094083 0.105337 0.761505 0.632585
1735735110.329816 6.095304 -3.796203 0.369219 -0.098588 0.105129 0.757787 0.636386
1735735110.429649 6.098143 -3.801470 0.367110 -0.099831 0.108633 0.754618 0.639362
1735735110.529482 6.092243 -3.806325 0.367321 -0.098274 0.109597 0.752295 0.642171
1735735110.629312 6.091129 -3.810933 0.367626 -0.097236 0.109505 0.750864 0.644016
1735735110.729960 6.088604 -3.814835 0.367647 -0.095282 0.109136 0.749296 0.646194
1735735110.829795 6.084485 -3.820955 0.365448 -0.095318 0.110961 0.747599 0.647841
1735735110.929638 6.085456 -3.824329 0.360448 -0.097737 0.112704 0.745637 0.649439
1735735111.029467 6.089944 -3.825993 0.359536 -0.098265 0.114717 0.744957 0.649787
1735735111.129305 6.097127 -3.824136 0.359355 -0.099654 0.116512 0.744103 0.650235
1735735111.229941 6.098453 -3.825429 0.358185 -0.101541 0.117981 0.743530 0.650333
1735735111.329779 6.097289 -3.827211 0.352348 -0.104444 0.118690 0.743243 0.650072
1735735111.429619 6.096247 -3.825988 0.348983 -0.106172 0.119759 0.743836 0.648917
1735735111.529474 6.095384 -3.825390 0.349021 -0.110635 0.122530 0.744009 0.647455
1735735111.629298 6.089658 -3.819766 0.345195 -0.114580 0.124451 0.744607 0.645711
1735735111.729938 6.086199 -3.814532 0.341250 -0.117629 0.126231 0.745106 0.644241
1735735111.829770 6.080547 -3.811337 0.337691 -0.119502 0.128857 0.745329 0.643118
1735735111.929608 6.084769 -3.810677 0.331926 -0.120847 0.130086 0.746110 0.641712
1735735112.029436 6.085033 -3.808161 0.330080 -0.121728 0.131217 0.746699 0.640629
1735735112.129678 6.086929 -3.806385 0.333958 -0.122166 0.131757 0.747144 0.639915
1735735112.229528 6.085202 -3.808280 0.332675 -0.121589 0.131224 0.747374 0.639865
1735735112.329384 6.085595 -3.807273 0.332331 -0.121261 0.131536 0.747440 0.639787
1735735112.429629 6.087829 -3.806417 0.333662 -0.121416 0.131187 0.747532 0.639722
1735735112.529463 6.087824 -3.807396 0.334339 -0.120563 0.131170 0.747351 0.640098
1735735112.629314 6.084386 -3.807424 0.336887 -0.120097 0.130017 0.747093 0.640722
1735735112.729955 6.085670 -3.808126 0.336395 -0.119729 0.128971 0.747366 0.640683
1735735112.829795 6.081461 -3.808494 0.336895 -0.118536 0.128272 0.747764 0.640581
1735735112.929634 6.087341 -3.807728 0.337623 -0.116327 0.126836 0.748465 0.640454
1735735113.029472 6.082737 -3.809958 0.337672 -0.116532 0.125956 0.749482 0.639400
1735735113.129303 6.085256 -3.809619 0.339126 -0.116630 0.124497 0.750036 0.639018
1735735113.229961 6.089656 -3.810304 0.342333 -0.116852 0.123814 0.750879 0.638119
1735735113.329797 6.093544 -3.812389 0.344143 -0.117212 0.122393 0.752472 0.636449
1735735113.429641 6.102016 -3.813543 0.343305 -0.116257 0.120938 0.753913 0.635196
1735735113.529472 6.103461 -3.814997 0.348479 -0.114688 0.120703 0.755833 0.633241
1735735113.629320 6.105728 -3.815687 0.348086 -0.113828 0.121639 0.757387 0.631358
1735735113.729945 6.111392 -3.814316 0.347991 -0.113232 0.120292 0.757890 0.631119
1735735113.829799 6.118178 -3.814032 0.353590 -0.112261 0.116322 0.756815 0.633322
1735735113.929643 6.122741 -3.816082 0.354667 -0.112641 0.112964 0.750704 0.641089
1735735114.029487 6.126915 -3.818269 0.353726 -0.110152 0.111427 0.742323 0.651465
1735735114.129322 6.125288 -3.818048 0.353312 -0.107015 0.108556 0.733811 0.662031
1735735114.229961 6.117091 -3.819575 0.356153 -0.104468 0.104739 0.724414 0.673306
1735735114.329803 6.114833 -3.821935 0.356772 -0.100891 0.100608 0.714887 0.684569
1735735114.429641 6.105280 -3.824247 0.362366 -0.097277 0.097762 0.703718 0.696965
1735735114.529497 6.104838 -3.824774 0.364762 -0.094288 0.095343 0.693743 0.707630
1735735114.629335 6.096807 -3.827910 0.365692 -0.091900 0.093954 0.684780 0.716801
1735735114.729974 6.091156 -3.831754 0.367571 -0.089196 0.093640 0.678519 0.723110
1735735114.829806 6.086979 -3.830802 0.370004 -0.088250 0.094866 0.675465 0.725920
1735735114.929647 6.081269 -3.834196 0.363981 -0.088251 0.097293 0.675365 0.725691
1735735115.029471 6.082737 -3.831069 0.355887 -0.087199 0.100520 0.677061 0.723796
1735735115.129313 6.083355 -3.829498 0.360180 -0.088388 0.104469 0.679212 0.721072
1735735115.229956 6.081216 -3.832523 0.359915 -0.088226 0.103788 0.681576 0.718957
1735735115.329793 6.078864 -3.835164 0.358524 -0.086224 0.101880 0.684661 0.716537
1735735115.429634 6.078679 -3.833155 0.360487 -0.086754 0.099223 0.688080 0.713565
1735735115.529483 6.073966 -3.832940 0.362933 -0.087370 0.097557 0.691015 0.710878
1735735115.629317 6.071441 -3.831388 0.362394 -0.087661 0.098402 0.693781 0.708026
1735735115.729949 6.062572 -3.826992 0.364040 -0.088324 0.100308 0.696415 0.705083
1735735115.829775 6.062136 -3.825516 0.365239 -0.088164 0.100662 0.698556 0.702932
1735735115.929608 6.062889 -3.823853 0.369970 -0.085649 0.102258 0.701480 0.700096
1735735116.029419 6.064457 -3.824159 0.369434 -0.084189 0.102469 0.704381 0.697323
1735735116.129662 6.059887 -3.820428 0.368722 -0.085754 0.101459 0.707391 0.694227
1735735116.229512 6.058442 -3.821023 0.371245 -0.082566 0.097507 0.711142 0.691341
1735735116.329354 6.057197 -3.821270 0.370050 -0.083222 0.096381 0.712968 0.689537
1735735116.429988 6.058793 -3.820661 0.371174 -0.084044 0.097256 0.714232 0.688005
1735735116.529827 6.056208 -3.820527 0.376276 -0.085016 0.098250 0.715045 0.686899
1735735116.629672 6.058089 -3.821609 0.375797 -0.085024 0.098879 0.715702 0.686123
1735735116.729504 6.059450 -3.820883 0.376913 -0.085424 0.099200 0.716311 0.685391
1735735116.829340 6.054510 -3.818891 0.378482 -0.085397 0.098459 0.716851 0.684936
1735735116.929975 6.056873 -3.816944 0.376842 -0.085838 0.097886 0.718159 0.683592
1735735117.029802 6.055439 -3.816103 0.375935 -0.085651 0.098069 0.719186 0.682508
1735735117.129646 6.059454 -3.813833 0.373345 -0.083845 0.098598 0.720793 0.680959
1735735117.229497 6.061833 -3.812643 0.373911 -0.083087 0.098666 0.722514 0.679217
1735735117.329341 6.059076 -3.811666 0.375451 -0.083315 0.097967 0.723867 0.677848
1735735117.429989 6.054996 -3.810067 0.377217 -0.085026 0.100126 0.725420 0.675656
1735735117.529825 6.049191 -3.808565 0.372161 -0.089221 0.104150 0.726786 0.673034
1735735117.629671 6.047091 -3.807056 0.370809 -0.093213 0.108183 0.728835 0.669633
1735735117.729517 6.043152 -3.806620 0.365813 -0.095932 0.110269 0.732050 0.665388
1735735117.829345 6.041283 -3.804549 0.364608 -0.098945 0.112069 0.735981 0.660289
1735735117.929976 6.042652 -3.804148 0.357636 -0.103405 0.112284 0.739125 0.656044
1735735118.029826 6.055275 -3.800722 0.354316 -0.107387 0.114736 0.742806 0.650801
1735735118.129670 6.057902 -3.797020 0.352541 -0.111103 0.116807 0.746549 0.645506
1735735118.229519 6.071041 -3.792251 0.355466 -0.113746 0.118987 0.750332 0.640240
1735735118.329349 6.085587 -3.792957 0.352274 -0.117063 0.119693 0.754027 0.635148
1735735118.429985 6.094226 -3.793728 0.354271 -0.118844 0.120354 0.757467 0.630583
1735735118.529811 6.100844 -3.793987 0.354875 -0.121673 0.122230 0.760528 0.625982
1735735118.629661 6.104006 -3.795014 0.352010 -0.122653 0.122671 0.764190 0.621226
1735735118.729500 6.109794 -3.794045 0.350611 -0.124133 0.122362 0.768239 0.615976
1735735118.829341 6.121784 -3.793698 0.349108 -0.123832 0.124025 0.772518 0.610327
1735735118.929979 6.124859 -3.794874 0.348070 -0.122856 0.125592 0.777281 0.604126
1735735119.029804 6.135797 -3.795315 0.352068 -0.120499 0.126909 0.781524 0.598827
1735735119.129659 6.146061 -3.797803 0.347986 -0.117396 0.127075 0.785520 0.594162
1735735119.229513 6.155445 -3.797271 0.350372 -0.117028 0.127809 0.788138 0.590599
1735735119.329352 6.173963 -3.794605 0.348053 -0.115617 0.128134 0.790798 0.587241
1735735119.429998 6.195156 -3.791912 0.349325 -0.111591 0.123756 0.793613 0.585158
1735735119.529842 6.220421 -3.787197 0.353123 -0.110928 0.121135 0.797611 0.580378
1735735119.629686 6.247303 -3.781238 0.352229 -0.110898 0.115382 0.799979 0.578293
1735735119.729508 6.271381 -3.777753 0.349340 -0.114321 0.112681 0.801400 0.576187
1735735119.829358 6.289705 -3.770474 0.346509 -0.113420 0.114321 0.801576 0.575797
1735735119.929998 6.310696 -3.758372 0.341060 -0.114318 0.114323 0.802019 0.575002
1735735120.029840 6.323094 -3.742320 0.340379 -0.112317 0.120403 0.801364 0.575068
1735735120.129662 6.342554 -3.718396 0.335387 -0.116247 0.124781 0.798099 0.577888
1735735120.229513 6.363960 -3.693225 0.328140 -0.115970 0.122812 0.794138 0.583792
1735735120.329354 6.381928 -3.665729 0.324813 -0.114120 0.121279 0.792860 0.586209
1735735120.429984 6.402133 -3.634715 0.326211 -0.115959 0.120179 0.794050 0.584462
1735735120.529822 6.424897 -3.603747 0.332116 -0.115844 0.113421 0.794365 0.585406
1735735120.629654 6.440467 -3.574030 0.330450 -0.116686 0.109608 0.797640 0.581499
1735735120.729508 6.458425 -3.543252 0.326373 -0.122414 0.114172 0.798050 0.578875
1735735120.829336 6.484684 -3.519696 0.331387 -0.120855 0.112934 0.798931 0.578229
1735735120.929971 6.506090 -3.500726 0.334460 -0.116779 0.117427 0.798140 0.579264
1735735121.029820 6.519084 -3.485499 0.337448 -0.114857 0.120619 0.796026 0.581894
1735735121.129652 6.542038 -3.467134 0.339777 -0.113308 0.121807 0.796780 0.580919
1735735121.229501 6.561066 -3.450359 0.341153 -0.116398 0.123404 0.797430 0.579076
1735735121.329345 6.583182 -3.433765 0.343142 -0.117309 0.119832 0.800688 0.575133
1735735121.429984 6.607975 -3.414032 0.343540 -0.118528 0.118629 0.806245 0.567315
1735735121.529811 6.634423 -3.398237 0.347375 -0.116869 0.112232 0.812471 0.560033
1735735121.629649 6.667099 -3.380556 0.357239 -0.119886 0.109386 0.819363 0.549824
1735735121.729484 6.705865 -3.358487 0.357316 -0.122448 0.106841 0.825005 0.541256
1735735121.829322 6.740888 -3.344233 0.356953 -0.126564 0.102722 0.830248 0.533027
1735735121.929954 6.771086 -3.327961 0.362119 -0.134132 0.095770 0.832215 0.529392
1735735122.029799 6.800958 -3.312607 0.356671 -0.140228 0.091537 0.834724 0.524587
1735735122.129622 6.818105 -3.296099 0.354491 -0.142101 0.092588 0.837497 0.519454
1735735122.229474 6.831217 -3.284043 0.356134 -0.141543 0.094691 0.837149 0.519789
1735735122.329318 6.836843 -3.277724 0.358672 -0.142070 0.098468 0.835930 0.520904
1735735122.429957 6.845543 -3.272691 0.356283 -0.140511 0.099575 0.834017 0.524172
1735735122.529800 6.849689 -3.269385 0.355125 -0.140137 0.098882 0.830607 0.529789
1735735122.629637 6.856604 -3.260227 0.355018 -0.138076 0.101772 0.827911 0.533986
1735735122.729453 6.865092 -3.252907 0.353540 -0.134977 0.103774 0.825451 0.538185
1735735122.829292 6.859912 -3.248851 0.357876 -0.130432 0.103374 0.823072 0.543005
1735735122.929935 6.850412 -3.247862 0.360764 -0.127319 0.104102 0.822257 0.544836
1735735123.029776 6.840822 -3.247266 0.361809 -0.126277 0.106366 0.820991 0.546547
1735735123.129634 6.835713 -3.243280 0.362148 -0.123657 0.107160 0.821100 0.546828
1735735123.229493 6.840102 -3.237600 0.357946 -0.123741 0.109434 0.820681 0.546988
1735735123.329328 6.841847 -3.233415 0.352673 -0.123280 0.114310 0.822216 0.543780
1735735123.429988 6.850619 -3.227760 0.347909 -0.122699 0.118794 0.823611 0.540831
1735735123.529831 6.862090 -3.225176 0.345546 -0.121888 0.117367 0.826589 0.536767
1735735123.629679 6.889768 -3.215973 0.349646 -0.122643 0.111031 0.831577 0.530199
1735735123.729528 6.922061 -3.206971 0.356202 -0.127719 0.108346 0.837074 0.520822
1735735123.829366 6.961975 -3.191601 0.358307 -0.125325 0.102440 0.844120 0.511138
1735735123.929605 6.985730 -3.186227 0.365079 -0.125874 0.100631 0.850296 0.501025
1735735124.029451 7.013261 -3.178557 0.362525 -0.125284 0.098253 0.855678 0.492408
1735735124.129291 7.034697 -3.171570 0.364071 -0.126844 0.095316 0.860374 0.484336
1735735124.229941 7.048437 -3.163269 0.366315 -0.128178 0.093766 0.862805 0.479944
1735735124.329793 7.056344 -3.156487 0.369578 -0.129614 0.093217 0.864557 0.476500
1735735124.429646 7.066621 -3.150739 0.369980 -0.127588 0.094716 0.866504 0.473203
1735735124.529490 7.070141 -3.143992 0.373215 -0.123202 0.097750 0.866874 0.473071
1735735124.629324 7.078708 -3.130013 0.374961 -0.119304 0.101055 0.866557 0.473954
1735735124.729966 7.082592 -3.120840 0.376840 -0.118617 0.103011 0.865031 0.476488
1735735124.829806 7.087640 -3.112382 0.369664 -0.113484 0.106789 0.864294 0.478239
1735735124.929663 7.093646 -3.100300 0.366461 -0.111877 0.109633 0.865677 0.475465
1735735125.029512 7.106405 -3.080134 0.365339 -0.117756 0.113118 0.867745 0.469421
1735735125.129350 7.126831 -3.057510 0.363628 -0.119608 0.107265 0.871905 0.462569
1735735125.229991 7.150950 -3.033755 0.365778 -0.128752 0.097665 0.876499 0.453468
1735735125.329823 7.173629 -3.012670 0.362199 -0.137697 0.088117 0.880669 0.444631
1735735125.429664 7.201067 -2.988732 0.358073 -0.144673 0.084326 0.884438 0.435578
1735735125.529506 7.222504 -2.965613 0.357702 -0.149079 0.082450 0.887079 0.429032
1735735125.629354 7.238894 -2.943757 0.357354 -0.150911 0.083173 0.888744 0.424786
1735735125.729992 7.243036 -2.924210 0.361130 -0.149467 0.087295 0.890006 0.421815
1735735125.829820 7.248159 -2.896878 0.359222 -0.144666 0.090424 0.892325 0.417913
1735735125.929678 7.244449 -2.877665 0.355896 -0.143306 0.093664 0.892367 0.417578
1735735126.029521 7.241327 -2.851345 0.356628 -0.140518 0.095650 0.892218 0.418393
1735735126.129361 7.248271 -2.825455 0.352639 -0.139931 0.095352 0.891693 0.419774
1735735126.229601 7.264575 -2.804388 0.349103 -0.142263 0.099181 0.889240 0.423293
1735735126.329423 7.279569 -2.781352 0.348983 -0.139638 0.102323 0.888678 0.424597
1735735126.429671 7.303893 -2.755407 0.351444 -0.137013 0.100018 0.891025 0.421068
1735735126.529500 7.331431 -2.729772 0.351100 -0.138714 0.093987 0.896845 0.409382
1735735126.629348 7.362395 -2.706864 0.356724 -0.144160 0.080703 0.904366 0.393482
1735735126.729989 7.392902 -2.685951 0.362761 -0.146628 0.073397 0.911007 0.378390
1735735126.829833 7.422058 -2.663058 0.367406 -0.152735 0.072284 0.914524 0.367549
1735735126.929676 7.434861 -2.652824 0.365972 -0.157819 0.072331 0.917754 0.357196
1735735127.029517 7.441780 -2.644607 0.361762 -0.160208 0.077115 0.919643 0.350204
1735735127.129346 7.447050 -2.631345 0.363052 -0.157603 0.083452 0.921468 0.345099
1735735127.229978 7.450925 -2.619426 0.359364 -0.152460 0.087095 0.922673 0.343286
1735735127.329812 7.453263 -2.608639 0.358803 -0.148796 0.085329 0.920879 0.350086
1735735127.429666 7.461550 -2.585947 0.355854 -0.151064 0.085610 0.920016 0.351314
1735735127.529526 7.463676 -2.571078 0.357816 -0.145652 0.079260 0.920249 0.354464
1735735127.629360 7.470222 -2.554751 0.356864 -0.149907 0.083015 0.920362 0.351525
1735735127.729601 7.475828 -2.543814 0.357564 -0.150247 0.085611 0.922762 0.344394
1735735127.829446 7.484908 -2.527566 0.362012 -0.148852 0.085722 0.926204 0.335621
1735735127.929285 7.496465 -2.507451 0.362417 -0.150291 0.083008 0.930382 0.323902
1735735128.029916 7.510031 -2.488900 0.362855 -0.158266 0.075376 0.934240 0.310590
1735735128.129766 7.526623 -2.462478 0.363328 -0.161783 0.067057 0.938896 0.296317
1735735128.229610 7.544577 -2.442047 0.361758 -0.165352 0.061380 0.943602 0.280191
1735735128.329435 7.554877 -2.428595 0.366240 -0.167584 0.053537 0.947305 0.267699
1735735128.429672 7.567869 -2.416599 0.365599 -0.169316 0.051079 0.950478 0.255567
1735735128.529508 7.578365 -2.406342 0.364140 -0.169860 0.052143 0.951628 0.250666
1735735128.629346 7.586204 -2.400985 0.365304 -0.168774 0.054476 0.951531 0.251270
1735735128.729979 7.586651 -2.399763 0.364581 -0.167741 0.055682 0.950162 0.256815
1735735128.829814 7.587618 -2.400955 0.366463 -0.169633 0.055620 0.947524 0.265196
1735735128.929635 7.582667 -2.401900 0.363805 -0.172190 0.056121 0.945482 0.270676
1735735129.029487 7.581826 -2.402344 0.361898 -0.175613 0.058459 0.944631 0.270951
1735735129.129322 7.588822 -2.390071 0.354256 -0.173312 0.060900 0.946000 0.267094
1735735129.229979 7.594725 -2.373459 0.349329 -0.170641 0.064924 0.948053 0.260502
1735735129.329817 7.607101 -2.356174 0.344913 -0.167613 0.064419 0.950703 0.252824
1735735129.429653 7.623507 -2.333716 0.348822 -0.166124 0.060098 0.954005 0.242210
1735735129.529487 7.641447 -2.309063 0.352370 -0.170131 0.055553 0.957008 0.228264
1735735129.629334 7.658508 -2.276762 0.355410 -0.169601 0.050674 0.959858 0.217580
1735735129.729973 7.677088 -2.250838 0.358845 -0.171442 0.043735 0.961600 0.209810
1735735129.829800 7.692622 -2.227589 0.356196 -0.172914 0.039127 0.963092 0.202545
1735735129.929629 7.702604 -2.204390 0.352211 -0.171258 0.036454 0.964443 0.197971
1735735130.029458 7.710907 -2.189563 0.350517 -0.172499 0.033387 0.964558 0.196866
1735735130.129303 7.711320 -2.172668 0.352271 -0.172178 0.035553 0.965278 0.193207
1735735130.429645 7.715108 -2.152848 0.347670 -0.167976 0.042500 0.964959 0.197056
1735735130.529492 7.712622 -2.153136 0.354909 -0.166879 0.043887 0.964770 0.198607
1735735130.629342 7.711107 -2.155111 0.353458 -0.165603 0.045097 0.964528 0.200567
1735735130.729970 7.708286 -2.160499 0.356198 -0.163560 0.045194 0.964421 0.202727
1735735130.829802 7.711167 -2.163035 0.358461 -0.162750 0.046634 0.964125 0.204452
1735735130.929651 7.711546 -2.163059 0.363941 -0.162338 0.047814 0.963997 0.205110
1735735131.029491 7.710682 -2.175409 0.361182 -0.161279 0.048892 0.963779 0.206709
1735735131.129333 7.706077 -2.180559 0.361796 -0.160793 0.049762 0.963759 0.206971
1735735131.229973 7.706376 -2.181245 0.361787 -0.161017 0.050413 0.963589 0.207435
1735735131.329813 7.706355 -2.177341 0.360437 -0.160463 0.051359 0.963635 0.207415
1735735131.429658 7.705805 -2.170436 0.362365 -0.160643 0.051448 0.963526 0.207760
1735735131.529502 7.708364 -2.157423 0.361034 -0.160797 0.052647 0.963458 0.207656
1735735131.629345 7.707591 -2.153007 0.359469 -0.159299 0.053739 0.963563 0.208046
1735735131.729989 7.709104 -2.147051 0.358763 -0.158083 0.055166 0.963724 0.207851
1735735131.829813 7.708548 -2.148239 0.358748 -0.156762 0.055503 0.963828 0.208280
1735735131.929661 7.707255 -2.143860 0.363903 -0.155972 0.056068 0.963916 0.208313
1735735132.029512 7.705675 -2.145818 0.362978 -0.155452 0.056916 0.963928 0.208417
1735735132.129353 7.704922 -2.146618 0.362347 -0.155668 0.056773 0.963983 0.208041
1735735132.229997 7.707044 -2.146423 0.360224 -0.154868 0.057255 0.964098 0.207971
1735735132.329838 7.708473 -2.144184 0.363480 -0.154769 0.057847 0.964115 0.207805
1735735132.429687 7.711257 -2.140991 0.362024 -0.153980 0.058203 0.964295 0.207455
1735735132.529518 7.709247 -2.141930 0.363307 -0.154971 0.058052 0.964072 0.207798
1735735132.629352 7.708425 -2.146173 0.360552 -0.157080 0.058299 0.963590 0.208379
1735735132.729987 7.711923 -2.142319 0.353772 -0.162580 0.059132 0.962769 0.207717
1735735132.829839 7.711155 -2.144396 0.347979 -0.169583 0.059707 0.961696 0.206923
1735735132.929665 7.713196 -2.147110 0.339445 -0.173775 0.060367 0.961170 0.205694
1735735133.029512 7.714361 -2.147495 0.336336 -0.176590 0.061854 0.960841 0.204387
1735735133.129344 7.713947 -2.149120 0.336776 -0.179384 0.062696 0.960606 0.202795
1735735133.229605 7.711934 -2.153130 0.336835 -0.183740 0.063698 0.959806 0.202371
1735735133.329451 7.712453 -2.155202 0.332615 -0.187082 0.064716 0.958976 0.202922
1735735133.429288 7.715983 -2.158403 0.327232 -0.191605 0.065455 0.958079 0.202702
1735735133.529913 7.724581 -2.156409 0.320298 -0.195829 0.065684 0.957322 0.202166
1735735133.629765 7.728925 -2.159960 0.318439 -0.199065 0.065445 0.957137 0.199945
1735735133.729612 7.738636 -2.155433 0.315282 -0.200716 0.064329 0.957539 0.196706
1735735133.829450 7.750646 -2.155548 0.310753 -0.202860 0.062878 0.958203 0.191680
1735735133.929293 7.762682 -2.151856 0.306916 -0.208008 0.063050 0.958062 0.186745
1735735134.029927 7.774227 -2.156222 0.301088 -0.212559 0.063098 0.957688 0.183497
1735735134.129771 7.777863 -2.160547 0.301166 -0.215970 0.063101 0.956538 0.185499
1735735134.229630 7.785365 -2.165648 0.297406 -0.217260 0.065414 0.955289 0.189585
1735735134.329463 7.795212 -2.167292 0.297732 -0.217494 0.065762 0.954029 0.195450
1735735134.429312 7.806296 -2.171215 0.300246 -0.217818 0.065350 0.952519 0.202467
1735735134.529961 7.816764 -2.175350 0.302583 -0.215357 0.065233 0.951911 0.207921
1735735134.629791 7.826327 -2.189539 0.304187 -0.214393 0.064963 0.951141 0.212475
1735735134.729640 7.831211 -2.205431 0.304962 -0.211323 0.064937 0.951023 0.216060
1735735134.829466 7.834009 -2.220025 0.305009 -0.210142 0.065816 0.950752 0.218127
1735735134.929305 7.838058 -2.232836 0.307860 -0.208638 0.066987 0.950856 0.218759
1735735135.029946 7.843426 -2.238554 0.310882 -0.206988 0.066916 0.951007 0.219688
1735735135.129794 7.846244 -2.241618 0.315173 -0.206059 0.065397 0.950967 0.221191
1735735135.229633 7.852317 -2.240548 0.317267 -0.204337 0.064198 0.951229 0.222008
1735735135.329469 7.857892 -2.241813 0.316276 -0.203787 0.063175 0.951177 0.223028
1735735135.429289 7.858538 -2.244499 0.315861 -0.203390 0.062486 0.951006 0.224313
1735735135.529922 7.856896 -2.247172 0.315830 -0.203020 0.062789 0.950871 0.225132
1735735135.629751 7.858561 -2.247945 0.319992 -0.201448 0.061722 0.951045 0.226101
1735735135.729590 7.862960 -2.254314 0.323002 -0.199116 0.060584 0.951360 0.227150
1735735135.829444 7.868775 -2.250326 0.324868 -0.196194 0.058406 0.951600 0.229248
1735735135.929678 7.872409 -2.256347 0.327030 -0.192408 0.056645 0.951986 0.231284
1735735136.029527 7.880713 -2.264317 0.327164 -0.189121 0.055120 0.952422 0.232566
1735735136.129356 7.891230 -2.266460 0.331584 -0.188129 0.052678 0.952200 0.234834
1735735136.229997 7.897779 -2.269744 0.338329 -0.187495 0.052869 0.952137 0.235552
1735735136.329834 7.903799 -2.272517 0.336828 -0.186431 0.054264 0.952349 0.235225
1735735136.429677 7.910158 -2.271892 0.339781 -0.185035 0.053694 0.952453 0.236033
1735735136.529533 7.918543 -2.268099 0.345872 -0.182812 0.052393 0.952772 0.236770
1735735136.629373 7.924389 -2.263095 0.354209 -0.177876 0.051873 0.953792 0.236536
1735735136.729612 7.933323 -2.257740 0.356764 -0.171344 0.052200 0.955165 0.235747
1735735136.829460 7.943324 -2.245195 0.362644 -0.167825 0.053596 0.956178 0.233851
1735735136.929306 7.953178 -2.227110 0.362201 -0.165916 0.052476 0.957926 0.228247
1735735137.029944 7.968081 -2.208715 0.366588 -0.163691 0.049404 0.960182 0.220940
1735735137.129789 7.980441 -2.183017 0.368449 -0.167533 0.045358 0.961750 0.211924
1735735137.229627 7.993181 -2.155864 0.366959 -0.170857 0.045565 0.963272 0.202088
1735735137.329474 8.004505 -2.125797 0.366792 -0.171158 0.046343 0.965494 0.190734
1735735137.429313 8.017384 -2.092205 0.363417 -0.169452 0.042128 0.967381 0.183535
1735735137.529945 8.031394 -2.062074 0.360931 -0.172212 0.039416 0.968113 0.177616
1735735137.629769 8.038869 -2.041952 0.361351 -0.172399 0.035575 0.968894 0.173947
1735735137.729603 8.043624 -2.025574 0.360483 -0.174568 0.033021 0.969082 0.171219
1735735137.829446 8.045425 -2.004793 0.359601 -0.178900 0.031779 0.968406 0.170807
1735735137.929288 8.046771 -1.986229 0.354739 -0.181326 0.033896 0.967976 0.170279
1735735138.029938 8.042602 -1.955618 0.350526 -0.183597 0.038920 0.967614 0.168819
1735735138.129784 8.033541 -1.924843 0.350821 -0.185410 0.045369 0.967480 0.165977
1735735138.229626 8.020355 -1.885381 0.347589 -0.184447 0.050685 0.968020 0.162317
1735735138.329463 8.001165 -1.849287 0.344360 -0.181804 0.051060 0.969373 0.157026
1735735138.429286 7.978713 -1.813351 0.340554 -0.181381 0.044260 0.970969 0.149540
1735735138.529914 7.957788 -1.776309 0.335988 -0.180977 0.036843 0.972169 0.144146
1735735138.629746 7.935762 -1.741696 0.333557 -0.186838 0.032757 0.972184 0.137390
1735735138.729585 7.912819 -1.718785 0.336703 -0.185926 0.032104 0.972988 0.133024
1735735138.829426 7.895054 -1.683761 0.338740 -0.187019 0.036984 0.973142 0.129038
1735735138.929659 7.884833 -1.648671 0.337597 -0.182502 0.041469 0.974954 0.120159
1735735139.029492 7.877610 -1.613889 0.336576 -0.177211 0.045212 0.976558 0.113518
1735735139.129339 7.873323 -1.580861 0.337603 -0.175896 0.046512 0.977834 0.103624
1735735139.229992 7.868614 -1.535774 0.340174 -0.178921 0.044370 0.978643 0.090980
1735735139.329829 7.870276 -1.489077 0.342654 -0.178033 0.038700 0.980231 0.077154
1735735139.429662 7.873004 -1.438019 0.344302 -0.183164 0.033456 0.980638 0.060671
1735735139.529517 7.878203 -1.385920 0.345928 -0.188228 0.028201 0.980527 0.048396
1735735139.629340 7.882815 -1.330519 0.337698 -0.192199 0.025313 0.980050 0.043824
1735735139.729981 7.886669 -1.277260 0.337392 -0.193680 0.024415 0.979788 0.043683
1735735139.829803 7.883640 -1.223778 0.338586 -0.196949 0.027235 0.979089 0.043068
1735735139.929641 7.881949 -1.178190 0.335376 -0.194377 0.030774 0.979693 0.038361
1735735140.029483 7.872555 -1.134855 0.332097 -0.194073 0.032938 0.979778 0.035863
1735735140.129328 7.863352 -1.090117 0.324720 -0.192656 0.029588 0.980376 0.029510
1735735140.229976 7.847415 -1.049323 0.321974 -0.192125 0.024204 0.980828 0.021880
1735735140.329811 7.826753 -1.005228 0.312247 -0.190334 0.015631 0.981568 0.007238
1735735140.429648 7.808924 -0.965332 0.310142 -0.191043 0.005200 0.981529 -0.008802
1735735140.529480 7.789260 -0.921938 0.313920 -0.191313 0.000793 0.981235 -0.024030
1735735140.629323 7.775616 -0.885396 0.317801 -0.191438 0.000835 0.980840 -0.036097
1735735140.729953 7.766689 -0.857391 0.320350 -0.193922 0.003364 0.979936 -0.045912
1735735140.829785 7.756416 -0.829880 0.328001 -0.192378 0.006761 0.979666 -0.056570
1735735140.929630 7.744686 -0.803913 0.332042 -0.194266 0.010644 0.978585 -0.067217
1735735141.029452 7.738108 -0.775512 0.323333 -0.193819 0.011354 0.977652 -0.080637
1735735141.129286 7.733333 -0.742545 0.323253 -0.193214 0.006046 0.976661 -0.093623
1735735141.229923 7.732538 -0.712450 0.330141 -0.190850 -0.002272 0.975552 -0.108947
1735735141.329754 7.733850 -0.681851 0.332362 -0.194873 -0.009401 0.973412 -0.120025
1735735141.429586 7.730396 -0.646653 0.338687 -0.197009 -0.012301 0.971042 -0.134588
1735735141.529428 7.730725 -0.609659 0.340902 -0.193441 -0.014057 0.970551 -0.142878
1735735141.629664 7.728966 -0.572011 0.338979 -0.192848 -0.015859 0.970128 -0.146318
1735735141.729514 7.722628 -0.539037 0.341346 -0.193155 -0.013188 0.969898 -0.147702
1735735141.829360 7.712151 -0.508617 0.340834 -0.193491 -0.008803 0.969732 -0.148673
1735735141.929991 7.698687 -0.479294 0.338667 -0.193040 -0.006768 0.969156 -0.153056
1735735142.029844 7.677676 -0.450412 0.334233 -0.195538 -0.004594 0.968064 -0.156833
1735735142.129689 7.654216 -0.421554 0.328749 -0.199487 -0.004907 0.966293 -0.162660
1735735142.229529 7.629964 -0.394089 0.321419 -0.195958 -0.007185 0.965437 -0.171698
1735735142.329370 7.602249 -0.366899 0.321062 -0.192745 -0.013554 0.964149 -0.181887
1735735142.429609 7.574084 -0.341253 0.320049 -0.198050 -0.024549 0.961213 -0.190378
1735735142.529444 7.548239 -0.319008 0.321932 -0.198464 -0.029112 0.959883 -0.195931
1735735142.629672 7.522178 -0.292113 0.321720 -0.198942 -0.023732 0.959163 -0.199663
1735735142.729515 7.502045 -0.265029 0.321132 -0.198821 -0.019671 0.958391 -0.203885
1735735142.829341 7.482239 -0.230980 0.320504 -0.196080 -0.016961 0.957701 -0.209939
1735735142.929976 7.466308 -0.194870 0.316681 -0.194951 -0.014832 0.956244 -0.217651
1735735143.029822 7.447371 -0.147645 0.316258 -0.193964 -0.019262 0.953344 -0.230525
1735735143.129662 7.429494 -0.099294 0.320110 -0.191423 -0.028061 0.949912 -0.245432
1735735143.229510 7.411217 -0.046792 0.326810 -0.188591 -0.034847 0.945605 -0.262775
1735735143.329355 7.393467 0.006115 0.331057 -0.189930 -0.041598 0.941063 -0.276760
1735735143.429984 7.374357 0.052702 0.337257 -0.189924 -0.045483 0.938322 -0.285328
1735735143.529830 7.357286 0.096199 0.338198 -0.191985 -0.041434 0.935668 -0.293173
1735735143.629667 7.340715 0.128923 0.338592 -0.192250 -0.034472 0.934081 -0.298906
1735735143.729517 7.324641 0.150211 0.336979 -0.188422 -0.031487 0.933069 -0.304775
1735735143.829371 7.301244 0.172630 0.332580 -0.190196 -0.029827 0.931317 -0.309167
1735735143.929603 7.276272 0.194117 0.323071 -0.190710 -0.029416 0.929754 -0.313562
1735735144.029447 7.252734 0.212872 0.312355 -0.189985 -0.037735 0.928164 -0.317795
1735735144.129286 7.227983 0.232219 0.310466 -0.181213 -0.052640 0.927467 -0.322793
1735735144.229918 7.205667 0.257630 0.310528 -0.175608 -0.056958 0.924646 -0.333087
1735735144.329745 7.183410 0.281165 0.314278 -0.175840 -0.056869 0.922462 -0.338985
1735735144.429577 7.166867 0.299780 0.319730 -0.179455 -0.054342 0.920509 -0.342793
1735735144.529426 7.152165 0.313362 0.325086 -0.181358 -0.051617 0.919586 -0.344684
1735735144.629678 7.139912 0.324418 0.329923 -0.179214 -0.045485 0.919676 -0.346425
1735735144.729504 7.127405 0.336488 0.332835 -0.176958 -0.042678 0.918589 -0.350797
1735735144.829344 7.115398 0.348190 0.335070 -0.177277 -0.041746 0.916533 -0.356085
1735735144.929983 7.109386 0.359502 0.335645 -0.174021 -0.041588 0.914763 -0.362209
1735735145.029820 7.110391 0.363252 0.334043 -0.177089 -0.041042 0.912376 -0.366776
1735735145.129665 7.111479 0.366390 0.329510 -0.180187 -0.043859 0.910076 -0.370635
1735735145.229505 7.108169 0.375262 0.326186 -0.180202 -0.043790 0.908502 -0.374479
1735735145.329346 7.104915 0.381161 0.327851 -0.179389 -0.045883 0.907605 -0.376785
1735735145.429983 7.105142 0.383420 0.328377 -0.180877 -0.045976 0.906779 -0.378050
1735735145.529829 7.101791 0.393014 0.331159 -0.180025 -0.045632 0.906261 -0.379735
1735735145.629660 7.099349 0.401106 0.334221 -0.180564 -0.044905 0.905770 -0.380737
1735735145.729498 7.096064 0.409702 0.336000 -0.180198 -0.044553 0.905030 -0.382706
1735735145.829328 7.093058 0.420603 0.331415 -0.180368 -0.045520 0.903935 -0.385093
1735735145.929954 7.087545 0.431118 0.335474 -0.183468 -0.046866 0.902452 -0.386942
1735735146.029785 7.083295 0.440577 0.336928 -0.184001 -0.048086 0.901161 -0.389538
1735735146.129623 7.077745 0.452229 0.336839 -0.183588 -0.049930 0.899804 -0.392626
1735735146.229454 7.074890 0.461972 0.337852 -0.182674 -0.051585 0.898159 -0.396585
1735735146.329297 7.068847 0.477531 0.338517 -0.180360 -0.051877 0.896524 -0.401278
1735735146.429938 7.064706 0.492171 0.334243 -0.180055 -0.053233 0.893615 -0.407674
1735735146.529772 7.055109 0.513993 0.329644 -0.179436 -0.055069 0.890107 -0.415306
1735735146.629616 7.047572 0.530660 0.326569 -0.180406 -0.058209 0.886820 -0.421445
1735735146.729472 7.039667 0.543532 0.327207 -0.183081 -0.059643 0.883568 -0.426887
1735735146.829321 7.034291 0.556165 0.325491 -0.183800 -0.058841 0.881320 -0.431313
1735735146.929965 7.027318 0.566433 0.327881 -0.184730 -0.059420 0.879913 -0.433703
1735735147.029799 7.019729 0.580607 0.325195 -0.182538 -0.058216 0.879845 -0.434930
1735735147.129666 7.012074 0.586294 0.327647 -0.184176 -0.056048 0.879132 -0.435965
1735735147.229505 7.002527 0.584741 0.329810 -0.185407 -0.057371 0.878871 -0.435796
1735735147.329360 6.989690 0.587444 0.329847 -0.186254 -0.056200 0.877960 -0.437422
1735735147.429991 6.976279 0.587428 0.327977 -0.189029 -0.052624 0.877372 -0.437856
1735735147.529831 6.962510 0.584539 0.323473 -0.191469 -0.050282 0.877106 -0.437604
1735735147.629666 6.946769 0.581751 0.317355 -0.194242 -0.049647 0.875719 -0.439229
1735735147.729510 6.924788 0.579623 0.311607 -0.193787 -0.050434 0.875611 -0.439554
1735735147.829342 6.901807 0.574089 0.307393 -0.193356 -0.054467 0.874426 -0.441618
1735735147.929963 6.872793 0.567026 0.305443 -0.193772 -0.058792 0.871389 -0.446852
1735735148.029806 6.838649 0.565883 0.305121 -0.191799 -0.064040 0.870275 -0.449147
1735735148.129657 6.807433 0.564849 0.310435 -0.182104 -0.068442 0.869716 -0.453594
1735735148.229501 6.772146 0.568358 0.316254 -0.175033 -0.074485 0.868550 -0.457642
1735735148.329333 6.743719 0.569246 0.318976 -0.172656 -0.081572 0.868577 -0.457286
1735735148.429970 6.719356 0.574541 0.314251 -0.169778 -0.085029 0.868091 -0.458654
1735735148.529798 6.697326 0.576803 0.309123 -0.177127 -0.085492 0.866912 -0.458019
1735735148.629642 6.670868 0.579230 0.310770 -0.181385 -0.084813 0.865472 -0.459200
1735735148.729482 6.647730 0.583303 0.306226 -0.186243 -0.084326 0.861190 -0.465354
1735735148.829326 6.623493 0.581743 0.308126 -0.188724 -0.089177 0.853433 -0.477581
1735735148.929963 6.594484 0.580553 0.321916 -0.181907 -0.099416 0.850060 -0.484174
1735735149.029796 6.570327 0.590898 0.329365 -0.165886 -0.092942 0.851803 -0.488135
1735735149.129642 6.547097 0.605568 0.334538 -0.153332 -0.082107 0.855512 -0.487696
1735735149.229485 6.522878 0.617695 0.339107 -0.143516 -0.073238 0.857811 -0.488057
1735735149.329322 6.485420 0.623261 0.342337 -0.141398 -0.072710 0.857062 -0.490066
1735735149.429958 6.444092 0.629029 0.346125 -0.144536 -0.074106 0.860198 -0.483402
1735735149.529804 6.409128 0.640480 0.345061 -0.141452 -0.073186 0.865405 -0.475089
1735735149.629660 6.379615 0.651143 0.344557 -0.136000 -0.064620 0.868683 -0.471931
1735735149.729498 6.348607 0.654704 0.350711 -0.135246 -0.058025 0.869126 -0.472189
1735735149.829336 6.325231 0.660525 0.349599 -0.134423 -0.051361 0.868406 -0.474515
1735735149.929980 6.311769 0.657378 0.338585 -0.137572 -0.054183 0.867105 -0.475676
1735735150.029813 6.285904 0.657016 0.327837 -0.142840 -0.051070 0.867390 -0.473945
1735735150.129661 6.254680 0.652870 0.319676 -0.150120 -0.049708 0.868952 -0.468952
1735735150.229505 6.227345 0.650756 0.310922 -0.149408 -0.048960 0.871342 -0.464805
1735735150.329354 6.203038 0.642860 0.309264 -0.150895 -0.049211 0.872568 -0.461990
1735735150.429994 6.171867 0.628796 0.314564 -0.154840 -0.055055 0.869460 -0.465868
1735735150.529835 6.148551 0.611924 0.318852 -0.156940 -0.062459 0.869271 -0.464583
1735735150.629687 6.121492 0.602235 0.318101 -0.164461 -0.063189 0.867859 -0.464522
1735735150.729518 6.102303 0.599635 0.312963 -0.169606 -0.063595 0.868096 -0.462167
1735735150.829347 6.082033 0.594718 0.313473 -0.172952 -0.067488 0.867784 -0.460959
1735735150.929981 6.063997 0.587287 0.313633 -0.173334 -0.070102 0.866790 -0.462294
1735735151.029811 6.042573 0.583516 0.312563 -0.172896 -0.070872 0.863325 -0.468780
1735735151.129654 6.025203 0.581786 0.309206 -0.171737 -0.072680 0.857900 -0.478782
1735735151.229502 6.001097 0.582100 0.306270 -0.172902 -0.075545 0.849886 -0.492027
1735735151.329344 5.970967 0.585315 0.304477 0.175000 0.079929 -0.841093 0.505519
1735735151.429985 5.935322 0.591428 0.304083 0.172596 0.084356 -0.830744 0.522455
1735735151.529831 5.900557 0.596784 0.309916 0.173684 0.089456 -0.819281 0.539083
1735735151.629672 5.869074 0.602422 0.311120 0.177747 0.095330 -0.808396 0.553004
1735735151.729515 5.840360 0.609194 0.311272 0.178521 0.099122 -0.798689 0.566040
1735735151.829353 5.807992 0.621268 0.312235 0.177540 0.101873 -0.792606 0.574349
1735735151.929993 5.778588 0.630063 0.305764 0.174477 0.106381 -0.788348 0.580300
1735735152.029833 5.757580 0.637673 0.297181 0.175086 0.110886 -0.784350 0.584675
1735735152.129659 5.736815 0.643862 0.287530 0.178469 0.114023 -0.780974 0.587561
1735735152.229500 5.725005 0.644032 0.276877 0.176846 0.116861 -0.781865 0.586307
1735735152.329347 5.717197 0.643538 0.271833 0.180296 0.121132 -0.783121 0.582702
1735735152.429997 5.717032 0.636331 0.271945 0.185437 0.121100 -0.786468 0.576555
1735735152.529835 5.711868 0.631199 0.270127 0.183558 0.114037 -0.792134 0.570811
1735735152.629681 5.719133 0.620730 0.274028 0.180578 0.109763 -0.798423 0.563794
1735735152.729515 5.725982 0.611662 0.276092 0.177999 0.106765 -0.804003 0.557222
1735735152.829347 5.731710 0.604646 0.280690 0.177947 0.102950 -0.806259 0.554691
1735735152.929995 5.727963 0.598707 0.280070 0.177444 0.101364 -0.806211 0.555215
1735735153.029849 5.726239 0.592129 0.276908 0.178479 0.102908 -0.804694 0.556797
1735735153.129696 5.718490 0.588022 0.273297 0.181707 0.105115 -0.802191 0.558948
1735735153.229545 5.703104 0.582072 0.274835 0.184695 0.105494 -0.799483 0.561771
1735735153.329408 5.683008 0.578197 0.268461 0.187236 0.107054 -0.794313 0.567934
1735735153.429636 5.676474 0.576657 0.260085 0.188822 0.108947 -0.789336 0.573957
1735735153.529465 5.661012 0.575136 0.258200 0.191746 0.114124 -0.785665 0.577010
1735735153.629316 5.652331 0.578205 0.257487 0.197335 0.117926 -0.783150 0.577779
1735735153.729965 5.646764 0.581224 0.255631 0.199060 0.119068 -0.782662 0.577614
1735735153.829810 5.651278 0.580901 0.262979 0.200623 0.118921 -0.782397 0.577463
1735735153.929643 5.651256 0.580184 0.267610 0.201181 0.119411 -0.781602 0.578243
1735735154.029488 5.652866 0.578566 0.270867 0.203470 0.119846 -0.780078 0.579409
1735735154.129325 5.661488 0.579033 0.275372 0.204109 0.122110 -0.779110 0.580014
1735735154.229974 5.665807 0.582135 0.274272 0.205197 0.121852 -0.778104 0.581034
1735735154.329821 5.671220 0.587158 0.275124 0.204382 0.121161 -0.776861 0.583125
1735735154.429654 5.678295 0.587634 0.272309 0.203137 0.120978 -0.776860 0.583600
1735735154.529495 5.685193 0.586351 0.264717 0.201932 0.119232 -0.776769 0.584497
1735735154.629342 5.689211 0.588117 0.249751 0.200593 0.117468 -0.776261 0.585988
1735735154.729988 5.689156 0.586968 0.240860 0.201781 0.118586 -0.774163 0.588127
1735735154.829834 5.684953 0.586984 0.240283 0.202579 0.118928 -0.771780 0.590909
1735735154.929676 5.673918 0.589176 0.242630 0.205621 0.118633 -0.769070 0.593445
1735735155.029520 5.665337 0.593308 0.241310 0.210268 0.120209 -0.766568 0.594736
1735735155.129347 5.661166 0.598624 0.237656 0.213124 0.123483 -0.765068 0.594979
1735735155.229997 5.654354 0.602037 0.240173 0.214749 0.126733 -0.763297 0.595987
1735735155.329825 5.647794 0.602015 0.245933 0.218259 0.128765 -0.762284 0.595571
1735735155.429650 5.646157 0.603598 0.245576 0.220575 0.128592 -0.762083 0.595013
1735735155.529497 5.641585 0.609248 0.245706 0.223136 0.131038 -0.760973 0.594945
1735735155.629322 5.643925 0.610613 0.246751 0.226669 0.132440 -0.760426 0.593998
1735735155.729964 5.647325 0.610823 0.247855 0.227275 0.130614 -0.760793 0.593701
1735735155.829802 5.654511 0.611276 0.248382 0.227072 0.129506 -0.761880 0.592626
1735735156.129342 5.651369 0.612234 0.250038 0.226872 0.130202 -0.761912 0.592509
1735735156.429639 5.653938 0.615842 0.249955 0.224528 0.129028 -0.760362 0.595641
1735735156.629318 5.645354 0.618193 0.253377 0.225113 0.128191 -0.756539 0.600450
1735735156.729957 5.642911 0.618147 0.254000 0.220262 0.124043 -0.756232 0.603499
1735735156.829796 5.639973 0.615047 0.259847 0.212310 0.117819 -0.757635 0.605832
1735735156.929635 5.631812 0.613790 0.267781 0.203792 0.111251 -0.759054 0.608218
1735735157.029477 5.614912 0.611302 0.271951 0.192521 0.105655 -0.760633 0.610909
1735735157.129322 5.600527 0.608261 0.278107 0.186544 0.104326 -0.760526 0.613122
1735735157.329802 5.552966 0.613632 0.273740 0.180845 0.102389 -0.755185 0.621697
1735735157.829787 5.526993 0.614568 0.267369 0.179631 0.104970 -0.753723 0.623391
1735735157.929621 5.503376 0.608809 0.273037 0.192676 0.105605 -0.748277 0.625944
1735735158.029465 5.491849 0.593604 0.276237 0.194984 0.103844 -0.746001 0.628236
1735735158.129300 5.472547 0.579859 0.273211 0.199036 0.105350 -0.743663 0.629485
1735735158.229945 5.453090 0.553041 0.275527 0.200513 0.105790 -0.744285 0.628206
1735735158.329773 5.432299 0.532860 0.272947 0.198369 0.102472 -0.745361 0.628161
1735735158.429612 5.396499 0.512557 0.272945 0.192106 0.096238 -0.746301 0.629975
1735735158.529441 5.372750 0.497491 0.265614 0.190631 0.095412 -0.742714 0.634770
1735735158.629678 5.355056 0.486074 0.267991 0.187062 0.093868 -0.740451 0.638694
1735735158.729508 5.333562 0.478035 0.268465 0.189975 0.095596 -0.738014 0.640395
1735735158.829341 5.302924 0.469753 0.262261 0.193747 0.102488 -0.735515 0.641074
1735735158.929978 5.271251 0.455060 0.256494 0.196790 0.107939 -0.731302 0.644066
1735735159.029829 5.242182 0.439334 0.254591 0.198092 0.109863 -0.723372 0.652244
1735735159.129670 5.208361 0.415554 0.249401 0.195204 0.114343 -0.712742 0.663943
1735735159.229519 5.167089 0.395184 0.247977 0.183996 0.122382 -0.695916 0.683278
1735735159.329359 5.129982 0.378196 0.262596 0.166307 0.139975 -0.675154 0.704923
1735735159.429602 5.080898 0.365850 0.278290 0.147279 0.146185 -0.652631 0.728706
1735735159.529448 5.031895 0.353815 0.291993 0.136552 0.148476 -0.632673 0.747685
1735735159.629292 4.998340 0.351191 0.300319 0.132051 0.150502 -0.617771 0.760441
1735735159.729915 4.969672 0.357093 0.304647 0.129308 0.152016 -0.607912 0.768514
1735735159.829737 4.941241 0.368691 0.302548 0.128774 0.155819 -0.600004 0.774036
1735735159.929575 4.910933 0.386565 0.298979 0.124894 0.152461 -0.591078 0.782166
1735735160.029411 4.880960 0.413794 0.292232 0.120461 0.150855 -0.583740 0.788656
1735735160.129663 4.839733 0.442033 0.285272 0.120042 0.150236 -0.572617 0.796949
1735735160.229514 4.810882 0.475233 0.280679 0.120008 0.149824 -0.564973 0.802469
1735735160.329365 4.780093 0.504925 0.282442 0.120231 0.149905 -0.560418 0.805609
1735735160.429603 4.749168 0.530093 0.286225 0.122793 0.147923 -0.560159 0.805768
1735735160.529436 4.729858 0.556522 0.290973 0.125920 0.148104 -0.559366 0.805804
1735735160.629668 4.711116 0.585476 0.297706 0.122361 0.142326 -0.559285 0.807448
1735735160.729500 4.689947 0.608404 0.300854 0.115390 0.137411 -0.559764 0.808992
1735735160.829331 4.667192 0.631147 0.301276 0.110116 0.131039 -0.558468 0.811675
1735735160.929973 4.638778 0.653044 0.304865 0.103047 0.122782 -0.554984 0.816272
1735735161.029812 4.608726 0.678765 0.309556 0.097470 0.118974 -0.544259 0.824698
1735735161.129652 4.579015 0.712736 0.311073 0.090631 0.116018 -0.532574 0.833481
1735735161.229520 4.549540 0.741521 0.309316 0.086809 0.120006 -0.521075 0.840562
1735735161.329377 4.518279 0.772997 0.309101 0.090552 0.126771 -0.513055 0.844099
1735735161.429600 4.485962 0.803403 0.307561 0.094160 0.130557 -0.508413 0.845934
1735735161.529443 4.459257 0.834547 0.303585 0.096355 0.132460 -0.506643 0.846453
1735735161.629678 4.440920 0.860937 0.305399 0.097709 0.130203 -0.507444 0.846168
1735735161.729506 4.424325 0.881450 0.307041 0.098616 0.129574 -0.510081 0.844573
1735735161.829350 4.413828 0.900564 0.310729 0.101023 0.127333 -0.512329 0.843267
1735735161.929984 4.404722 0.918664 0.313274 0.100943 0.120612 -0.518884 0.840251
1735735162.029829 4.394111 0.930587 0.317549 0.106648 0.123106 -0.526673 0.834318
